FECHA,Ppt
1/1/1981,0.21
1/2/1981,0.16
1/3/1981,1.69
1/4/1981,0.04
1/5/1981,0.08
1/6/1981,3.09
1/7/1981,0.49
1/8/1981,0.04
1/9/1981,0.25
1/10/1981,0.41
1/11/1981,0.33
1/12/1981,0.45
1/13/1981,10.22
1/14/1981,18.79
1/15/1981,3.71
1/16/1981,2.31
1/17/1981,0.41
1/18/1981,0.25
1/19/1981,0.7
1/20/1981,5.03
1/21/1981,4.2
1/22/1981,4.24
1/23/1981,1.19
1/24/1981,0.7
1/25/1981,0.08
1/26/1981,1.36
1/27/1981,0.58
1/28/1981,3.67
1/29/1981,0.62
1/30/1981,1.03
1/31/1981,1.48
2/1/1981,1.32
2/2/1981,2.97
2/3/1981,7.21
2/4/1981,5.56
2/5/1981,3.05
2/6/1981,2.18
2/7/1981,9.85
2/8/1981,7.91
2/9/1981,13.8
2/10/1981,12.98
2/11/1981,2.31
2/12/1981,3.25
2/13/1981,2.6
2/14/1981,15.66
2/15/1981,3.54
2/16/1981,0.21
2/17/1981,0.99
2/18/1981,0.04
2/19/1981,0.37
2/20/1981,2.6
2/21/1981,0.78
2/22/1981,3.63
2/23/1981,0.99
2/24/1981,0.27
2/25/1981,0.37
2/26/1981,1.69
2/27/1981,2.55
2/28/1981,2.55
3/1/1981,2.31
3/2/1981,1.9
3/3/1981,0.54
3/4/1981,0.95
3/5/1981,0.91
3/6/1981,2.47
3/7/1981,1.9
3/8/1981,1.81
3/9/1981,3.46
3/10/1981,2.64
3/11/1981,4.12
3/12/1981,1.15
3/13/1981,1.81
3/14/1981,3.71
3/15/1981,1.48
3/16/1981,0.91
3/17/1981,0.74
3/18/1981,0.31
3/19/1981,0.33
3/20/1981,0.91
3/21/1981,0.12
3/22/1981,1.07
3/23/1981,1.22
3/24/1981,1.81
3/25/1981,0.82
3/26/1981,1.65
3/27/1981,1.65
3/28/1981,3.21
3/29/1981,3.46
3/30/1981,1.07
3/31/1981,0.41
4/1/1981,0.49
4/2/1981,0.41
4/3/1981,0.43
4/4/1981,0.62
4/5/1981,0.66
4/6/1981,0.45
4/7/1981,0.66
4/8/1981,0.49
4/9/1981,1.07
4/10/1981,4.12
4/11/1981,0.49
4/12/1981,0.25
4/13/1981,0.33
4/14/1981,0.37
4/15/1981,2.72
4/16/1981,0.62
4/17/1981,1.28
4/18/1981,0.82
4/19/1981,1.75
4/20/1981,0.62
4/21/1981,1.81
4/22/1981,2.43
4/23/1981,1.46
4/24/1981,1.15
4/25/1981,0.33
4/26/1981,0
4/27/1981,0.49
4/28/1981,0.25
4/29/1981,0
4/30/1981,0.49
5/1/1981,4.2
5/2/1981,0.78
5/3/1981,0.25
5/4/1981,0.72
5/5/1981,2.06
5/6/1981,1.83
5/7/1981,0.08
5/8/1981,0.12
5/9/1981,0.16
5/10/1981,0.29
5/11/1981,0.12
5/12/1981,0
5/13/1981,0
5/14/1981,0.62
5/15/1981,0
5/16/1981,2.08
5/17/1981,0.95
5/18/1981,0.04
5/19/1981,0.58
5/20/1981,0.16
5/21/1981,0
5/22/1981,0
5/23/1981,0
5/24/1981,0
5/25/1981,0
5/26/1981,0.76
5/27/1981,1.28
5/28/1981,0.47
5/29/1981,0.47
5/30/1981,0
5/31/1981,0
6/1/1981,0.02
6/2/1981,0
6/3/1981,0
6/4/1981,0
6/5/1981,0
6/6/1981,0
6/7/1981,0.04
6/8/1981,0.04
6/9/1981,0.08
6/10/1981,0.12
6/11/1981,0
6/12/1981,0
6/13/1981,0
6/14/1981,0.16
6/15/1981,0.33
6/16/1981,1.44
6/17/1981,2.84
6/18/1981,3.83
6/19/1981,2.43
6/20/1981,2.14
6/21/1981,0.56
6/22/1981,0.19
6/23/1981,0
6/24/1981,0.66
6/25/1981,3.69
6/26/1981,0.29
6/27/1981,0.29
6/28/1981,0.16
6/29/1981,0.37
6/30/1981,0.04
7/1/1981,0
7/2/1981,0
7/3/1981,0
7/4/1981,0
7/5/1981,0
7/6/1981,0
7/7/1981,0
7/8/1981,0
7/9/1981,0
7/10/1981,0
7/11/1981,0
7/12/1981,0
7/13/1981,0
7/14/1981,0
7/15/1981,0
7/16/1981,0.02
7/17/1981,0
7/18/1981,0
7/19/1981,0.74
7/20/1981,0.25
7/21/1981,0.58
7/22/1981,0.62
7/23/1981,0.1
7/24/1981,0.16
7/25/1981,0.27
7/26/1981,0
7/27/1981,0
7/28/1981,0
7/29/1981,0.62
7/30/1981,1.85
7/31/1981,3.05
8/1/1981,6.3
8/2/1981,1.85
8/3/1981,0.68
8/4/1981,0.12
8/5/1981,0.62
8/6/1981,0.37
8/7/1981,2.04
8/8/1981,0.54
8/9/1981,0
8/10/1981,0.58
8/11/1981,1.07
8/12/1981,1.69
8/13/1981,0.27
8/14/1981,0.16
8/15/1981,1.94
8/16/1981,2.57
8/17/1981,0.29
8/18/1981,1.57
8/19/1981,0.41
8/20/1981,0.41
8/21/1981,2.97
8/22/1981,6.02
8/23/1981,2.14
8/24/1981,0.33
8/25/1981,0.08
8/26/1981,0.37
8/27/1981,0.49
8/28/1981,0.82
8/29/1981,2.08
8/30/1981,2.47
8/31/1981,2.76
9/1/1981,0.58
9/2/1981,1.32
9/3/1981,1.81
9/4/1981,2.43
9/5/1981,4.57
9/6/1981,7.62
9/7/1981,3.83
9/8/1981,1.19
9/9/1981,2.8
9/10/1981,3.01
9/11/1981,6.16
9/12/1981,10.73
9/13/1981,13.55
9/14/1981,3.96
9/15/1981,3.17
9/16/1981,6.1
9/17/1981,3.09
9/18/1981,2.1
9/19/1981,7.13
9/20/1981,6.72
9/21/1981,9.93
9/22/1981,4.08
9/23/1981,3.13
9/24/1981,3.05
9/25/1981,1.11
9/26/1981,0.95
9/27/1981,1.4
9/28/1981,1.69
9/29/1981,1.98
9/30/1981,2.1
10/1/1981,2.02
10/2/1981,1.73
10/3/1981,3.05
10/4/1981,3.98
10/5/1981,6.45
10/6/1981,9.58
10/7/1981,3.25
10/8/1981,2.35
10/9/1981,0.66
10/10/1981,1.32
10/11/1981,0.62
10/12/1981,0.54
10/13/1981,0
10/14/1981,0.04
10/15/1981,0.82
10/16/1981,0.29
10/17/1981,1.9
10/18/1981,3.25
10/19/1981,0.25
10/20/1981,1.98
10/21/1981,1.07
10/22/1981,1.54
10/23/1981,0.7
10/24/1981,1.83
10/25/1981,0.95
10/26/1981,0.97
10/27/1981,2.22
10/28/1981,3.44
10/29/1981,1.11
10/30/1981,0.95
10/31/1981,1.81
11/1/1981,0.6
11/2/1981,0.87
11/3/1981,0.54
11/4/1981,1.19
11/5/1981,1.22
11/6/1981,0.33
11/7/1981,1.03
11/8/1981,1.19
11/9/1981,5.23
11/10/1981,1.75
11/11/1981,1.4
11/12/1981,1.28
11/13/1981,0.62
11/14/1981,2.51
11/15/1981,1.07
11/16/1981,1.4
11/17/1981,0.04
11/18/1981,1.28
11/19/1981,1.69
11/20/1981,0.62
11/21/1981,0.56
11/22/1981,1.19
11/23/1981,0
11/24/1981,1.4
11/25/1981,6.02
11/26/1981,4.61
11/27/1981,0.49
11/28/1981,2.22
11/29/1981,1.52
11/30/1981,0.04
12/1/1981,0.16
12/2/1981,0.29
12/3/1981,1.81
12/4/1981,0.08
12/5/1981,0.82
12/6/1981,1.28
12/7/1981,4.57
12/8/1981,4.28
12/9/1981,1.24
12/10/1981,0.37
12/11/1981,2.02
12/12/1981,3.46
12/13/1981,1.24
12/14/1981,0.19
12/15/1981,0.74
12/16/1981,0.16
12/17/1981,0.78
12/18/1981,30.24
12/19/1981,5.27
12/20/1981,3.38
12/21/1981,4.9
12/22/1981,1.73
12/23/1981,4.04
12/24/1981,8.36
12/25/1981,0.54
12/26/1981,0.58
12/27/1981,0.12
12/28/1981,0.16
12/29/1981,2.84
12/30/1981,0.41
12/31/1981,0.45
1/1/1982,1.3
1/2/1982,2.06
1/3/1982,1.73
1/4/1982,3.96
1/5/1982,0.29
1/6/1982,0.12
1/7/1982,0.04
1/8/1982,0.12
1/9/1982,9.52
1/10/1982,0.66
1/11/1982,2.8
1/12/1982,0.37
1/13/1982,0.16
1/14/1982,0.21
1/15/1982,0.45
1/16/1982,1.85
1/17/1982,0.82
1/18/1982,3.4
1/19/1982,1.46
1/20/1982,1.69
1/21/1982,0.78
1/22/1982,1.03
1/23/1982,5.03
1/24/1982,0.99
1/25/1982,0.49
1/26/1982,1.11
1/27/1982,0.97
1/28/1982,8.61
1/29/1982,2.43
1/30/1982,1.81
1/31/1982,1.36
2/1/1982,0.41
2/2/1982,3.05
2/3/1982,16.52
2/4/1982,2.16
2/5/1982,1.24
2/6/1982,0.91
2/7/1982,3.71
2/8/1982,20.31
2/9/1982,13.76
2/10/1982,11.78
2/11/1982,5.07
2/12/1982,4.16
2/13/1982,1.11
2/14/1982,0.62
2/15/1982,1.44
2/16/1982,0.78
2/17/1982,0.21
2/18/1982,0.04
2/19/1982,0.49
2/20/1982,5.19
2/21/1982,3.34
2/22/1982,1.52
2/23/1982,0.33
2/24/1982,1.48
2/25/1982,2.72
2/26/1982,0.66
2/27/1982,0.41
2/28/1982,1.03
3/1/1982,0.7
3/2/1982,2.22
3/3/1982,1.9
3/4/1982,0.99
3/5/1982,1.52
3/6/1982,1.52
3/7/1982,2.97
3/8/1982,1.15
3/9/1982,1.48
3/10/1982,4.16
3/11/1982,7.29
3/12/1982,6.53
3/13/1982,4.33
3/14/1982,0.66
3/15/1982,0.54
3/16/1982,0.49
3/17/1982,1.07
3/18/1982,4.31
3/19/1982,2.1
3/20/1982,1.69
3/21/1982,2.06
3/22/1982,1.32
3/23/1982,2.97
3/24/1982,1.57
3/25/1982,0.45
3/26/1982,0.08
3/27/1982,0.45
3/28/1982,0.58
3/29/1982,2.22
3/30/1982,0.87
3/31/1982,2.97
4/1/1982,6.84
4/2/1982,7.46
4/3/1982,6.18
4/4/1982,1.15
4/5/1982,1.48
4/6/1982,1.15
4/7/1982,1.32
4/8/1982,0.25
4/9/1982,0.33
4/10/1982,0.87
4/11/1982,1.07
4/12/1982,0.66
4/13/1982,1.32
4/14/1982,0.33
4/15/1982,0.02
4/16/1982,0.19
4/17/1982,0.49
4/18/1982,0.89
4/19/1982,0.82
4/20/1982,1.32
4/21/1982,3.05
4/22/1982,0.82
4/23/1982,0.04
4/24/1982,0.02
4/25/1982,0.39
4/26/1982,0.31
4/27/1982,0.49
4/28/1982,0.95
4/29/1982,0
4/30/1982,0.08
5/1/1982,0.49
5/2/1982,0.82
5/3/1982,1.98
5/4/1982,1.07
5/5/1982,1.01
5/6/1982,0.37
5/7/1982,0.14
5/8/1982,0.04
5/9/1982,0.66
5/10/1982,2.76
5/11/1982,3.46
5/12/1982,2.84
5/13/1982,1.57
5/14/1982,0.64
5/15/1982,0.16
5/16/1982,0.45
5/17/1982,1.52
5/18/1982,3.11
5/19/1982,2.18
5/20/1982,0.91
5/21/1982,1.4
5/22/1982,2.64
5/23/1982,2.35
5/24/1982,1.07
5/25/1982,0.74
5/26/1982,0.41
5/27/1982,2.68
5/28/1982,3.58
5/29/1982,2.64
5/30/1982,2.72
5/31/1982,3.83
6/1/1982,3.83
6/2/1982,1.57
6/3/1982,1.03
6/4/1982,1.48
6/5/1982,0.68
6/6/1982,0.02
6/7/1982,0
6/8/1982,0.87
6/9/1982,0.58
6/10/1982,1.07
6/11/1982,0.08
6/12/1982,0
6/13/1982,0
6/14/1982,0
6/15/1982,0
6/16/1982,0.08
6/17/1982,0.04
6/18/1982,0
6/19/1982,0
6/20/1982,0.04
6/21/1982,1.03
6/22/1982,1.36
6/23/1982,0.12
6/24/1982,0.02
6/25/1982,0.04
6/26/1982,0.33
6/27/1982,0.08
6/28/1982,1.3
6/29/1982,1.59
6/30/1982,0.21
7/1/1982,0.25
7/2/1982,2.27
7/3/1982,2.33
7/4/1982,0.33
7/5/1982,0.7
7/6/1982,4.24
7/7/1982,0.87
7/8/1982,0.08
7/9/1982,0.54
7/10/1982,2.02
7/11/1982,0.37
7/12/1982,0
7/13/1982,0
7/14/1982,0.08
7/15/1982,0
7/16/1982,0.12
7/17/1982,0.27
7/18/1982,0.78
7/19/1982,0
7/20/1982,0
7/21/1982,0.29
7/22/1982,2.68
7/23/1982,7.33
7/24/1982,0.45
7/25/1982,0.04
7/26/1982,0
7/27/1982,0
7/28/1982,0
7/29/1982,0
7/30/1982,0
7/31/1982,0.29
8/1/1982,2.02
8/2/1982,2.39
8/3/1982,2.41
8/4/1982,1.52
8/5/1982,1.94
8/6/1982,2.1
8/7/1982,1.07
8/8/1982,0.33
8/9/1982,0
8/10/1982,2.8
8/11/1982,3.01
8/12/1982,7.33
8/13/1982,1.57
8/14/1982,2.16
8/15/1982,0.99
8/16/1982,0.84
8/17/1982,0.06
8/18/1982,0
8/19/1982,1.44
8/20/1982,0.82
8/21/1982,0.08
8/22/1982,0
8/23/1982,0
8/24/1982,0
8/25/1982,0
8/26/1982,0
8/27/1982,0
8/28/1982,0.12
8/29/1982,0.29
8/30/1982,0
8/31/1982,0
9/1/1982,0.14
9/2/1982,0.21
9/3/1982,0.37
9/4/1982,1.77
9/5/1982,0.95
9/6/1982,0
9/7/1982,0
9/8/1982,0
9/9/1982,0
9/10/1982,0
9/11/1982,0
9/12/1982,0
9/13/1982,0
9/14/1982,0
9/15/1982,0
9/16/1982,0
9/17/1982,0
9/18/1982,0
9/19/1982,0
9/20/1982,0
9/21/1982,0
9/22/1982,0.25
9/23/1982,0
9/24/1982,0
9/25/1982,0
9/26/1982,0.25
9/27/1982,3.28
9/28/1982,4.99
9/29/1982,2.55
9/30/1982,4.94
10/1/1982,2.97
10/2/1982,1.65
10/3/1982,2.08
10/4/1982,1.92
10/5/1982,2.22
10/6/1982,2.74
10/7/1982,2.82
10/8/1982,5.69
10/9/1982,1.54
10/10/1982,4.2
10/11/1982,1.32
10/12/1982,1.96
10/13/1982,1.38
10/14/1982,0.82
10/15/1982,1.85
10/16/1982,1.96
10/17/1982,3.44
10/18/1982,4.61
10/19/1982,2.14
10/20/1982,0.45
10/21/1982,0.91
10/22/1982,0.54
10/23/1982,0.99
10/24/1982,1.4
10/25/1982,1.19
10/26/1982,0.62
10/27/1982,1.77
10/28/1982,2.53
10/29/1982,11.43
10/30/1982,1.65
10/31/1982,1.07
11/1/1982,1.5
11/2/1982,1.15
11/3/1982,3.25
11/4/1982,1.46
11/5/1982,1.98
11/6/1982,1.09
11/7/1982,1.9
11/8/1982,0.97
11/9/1982,0.21
11/10/1982,0.58
11/11/1982,0.1
11/12/1982,3.01
11/13/1982,7.91
11/14/1982,0.74
11/15/1982,0.82
11/16/1982,0.37
11/17/1982,0.29
11/18/1982,1.07
11/19/1982,1.98
11/20/1982,0.27
11/21/1982,0.82
11/22/1982,1.03
11/23/1982,1.03
11/24/1982,0.99
11/25/1982,0.37
11/26/1982,0.39
11/27/1982,0.66
11/28/1982,4.12
11/29/1982,0.54
11/30/1982,0.08
12/1/1982,0.45
12/2/1982,0.25
12/3/1982,0.45
12/4/1982,0.78
12/5/1982,0.62
12/6/1982,0.29
12/7/1982,1.65
12/8/1982,28.1
12/9/1982,4.12
12/10/1982,0.49
12/11/1982,0.7
12/12/1982,0.16
12/13/1982,6.8
12/14/1982,0.74
12/15/1982,0.19
12/16/1982,0.21
12/17/1982,0.91
12/18/1982,1.24
12/19/1982,1.24
12/20/1982,0.54
12/21/1982,0.7
12/22/1982,0.49
12/23/1982,0.49
12/24/1982,14.17
12/25/1982,9.97
12/26/1982,2.6
12/27/1982,3.42
12/28/1982,1.71
12/29/1982,0.25
12/30/1982,0.08
12/31/1982,0.45
1/1/1983,0.62
1/2/1983,0.37
1/3/1983,0.04
1/4/1983,0.08
1/5/1983,4.7
1/6/1983,2.84
1/7/1983,0.58
1/8/1983,1.36
1/9/1983,0.95
1/10/1983,0.58
1/11/1983,1.03
1/12/1983,0.49
1/13/1983,0.08
1/14/1983,3.09
1/15/1983,7.33
1/16/1983,2.22
1/17/1983,2.27
1/18/1983,1.32
1/19/1983,0.29
1/20/1983,0.33
1/21/1983,0.21
1/22/1983,0.41
1/23/1983,0.21
1/24/1983,0.16
1/25/1983,1.11
1/26/1983,0.16
1/27/1983,0.08
1/28/1983,0.21
1/29/1983,0.99
1/30/1983,1.4
1/31/1983,0.04
2/1/1983,1.03
2/2/1983,0.35
2/3/1983,0.29
2/4/1983,0.25
2/5/1983,1.24
2/6/1983,3.85
2/7/1983,1.36
2/8/1983,1.4
2/9/1983,2.06
2/10/1983,1.11
2/11/1983,6.1
2/12/1983,1.24
2/13/1983,0.91
2/14/1983,1.28
2/15/1983,1.4
2/16/1983,2.39
2/17/1983,2.51
2/18/1983,3.54
2/19/1983,2.47
2/20/1983,3.09
2/21/1983,4.82
2/22/1983,2.84
2/23/1983,0.78
2/24/1983,0.82
2/25/1983,1.32
2/26/1983,1.32
2/27/1983,0.91
2/28/1983,1.4
3/1/1983,1.03
3/2/1983,2.84
3/3/1983,5.27
3/4/1983,5.15
3/5/1983,2.88
3/6/1983,2.43
3/7/1983,1.77
3/8/1983,0.95
3/9/1983,1.94
3/10/1983,3.5
3/11/1983,0.29
3/12/1983,1.69
3/13/1983,0.16
3/14/1983,0.08
3/15/1983,0.66
3/16/1983,0.54
3/17/1983,1.52
3/18/1983,1.61
3/19/1983,3.79
3/20/1983,1.19
3/21/1983,0.04
3/22/1983,0.29
3/23/1983,0.41
3/24/1983,0.78
3/25/1983,0.45
3/26/1983,0.12
3/27/1983,0.74
3/28/1983,0.12
3/29/1983,0
3/30/1983,0.08
3/31/1983,0.16
4/1/1983,1.65
4/2/1983,2.14
4/3/1983,1.52
4/4/1983,0.21
4/5/1983,0.16
4/6/1983,0.16
4/7/1983,0.08
4/8/1983,0.12
4/9/1983,0.25
4/10/1983,1.52
4/11/1983,0.82
4/12/1983,0.33
4/13/1983,0.49
4/14/1983,2.37
4/15/1983,0.16
4/16/1983,0.04
4/17/1983,5.23
4/18/1983,4.86
4/19/1983,1.73
4/20/1983,0
4/21/1983,0
4/22/1983,0.99
4/23/1983,1.61
4/24/1983,1.9
4/25/1983,4.92
4/26/1983,0.31
4/27/1983,0.91
4/28/1983,0.31
4/29/1983,1.63
4/30/1983,0.27
5/1/1983,0.1
5/2/1983,0
5/3/1983,0
5/4/1983,0
5/5/1983,0
5/6/1983,1.36
5/7/1983,0.08
5/8/1983,3.3
5/9/1983,4.2
5/10/1983,3.85
5/11/1983,2.43
5/12/1983,2.97
5/13/1983,2.39
5/14/1983,1.34
5/15/1983,0.66
5/16/1983,0.87
5/17/1983,2.1
5/18/1983,1.24
5/19/1983,0.58
5/20/1983,2.47
5/21/1983,2.1
5/22/1983,2.55
5/23/1983,0.45
5/24/1983,0.62
5/25/1983,1.5
5/26/1983,0.29
5/27/1983,1.28
5/28/1983,1.4
5/29/1983,0
5/30/1983,5.25
5/31/1983,1.11
6/1/1983,0.08
6/2/1983,0.04
6/3/1983,0.04
6/4/1983,0
6/5/1983,0
6/6/1983,0
6/7/1983,0.04
6/8/1983,0
6/9/1983,0
6/10/1983,0.02
6/11/1983,0.16
6/12/1983,0
6/13/1983,0
6/14/1983,0
6/15/1983,0.14
6/16/1983,0.7
6/17/1983,1.69
6/18/1983,0.58
6/19/1983,0.93
6/20/1983,0.47
6/21/1983,0.47
6/22/1983,0.27
6/23/1983,0.02
6/24/1983,0
6/25/1983,0
6/26/1983,0.02
6/27/1983,0
6/28/1983,0
6/29/1983,0
6/30/1983,0
7/1/1983,0
7/2/1983,0
7/3/1983,0
7/4/1983,0
7/5/1983,0
7/6/1983,0
7/7/1983,0
7/8/1983,0
7/9/1983,0
7/10/1983,0.27
7/11/1983,0.1
7/12/1983,0
7/13/1983,0
7/14/1983,0
7/15/1983,0
7/16/1983,0.21
7/17/1983,1.01
7/18/1983,3.56
7/19/1983,7.07
7/20/1983,1.07
7/21/1983,0.54
7/22/1983,10.01
7/23/1983,8.45
7/24/1983,2.25
7/25/1983,0.02
7/26/1983,0.21
7/27/1983,3.3
7/28/1983,6.39
7/29/1983,1.22
7/30/1983,0.8
7/31/1983,0.74
8/1/1983,0.33
8/2/1983,0.33
8/3/1983,3.17
8/4/1983,3.09
8/5/1983,3.63
8/6/1983,4.26
8/7/1983,3.63
8/8/1983,13.39
8/9/1983,10.96
8/10/1983,13.49
8/11/1983,5.4
8/12/1983,13.29
8/13/1983,8.98
8/14/1983,4.86
8/15/1983,4.49
8/16/1983,3.83
8/17/1983,2.68
8/18/1983,0.12
8/19/1983,0
8/20/1983,0.37
8/21/1983,6.67
8/22/1983,2.31
8/23/1983,5.81
8/24/1983,5.27
8/25/1983,0.49
8/26/1983,3.01
8/27/1983,4
8/28/1983,3.75
8/29/1983,2.33
8/30/1983,2.06
8/31/1983,1.15
9/1/1983,1.15
9/2/1983,1.9
9/3/1983,4.1
9/4/1983,7.83
9/5/1983,3.01
9/6/1983,2.43
9/7/1983,2.1
9/8/1983,1.15
9/9/1983,1.11
9/10/1983,1.57
9/11/1983,1.94
9/12/1983,1.69
9/13/1983,0.74
9/14/1983,0.41
9/15/1983,1.24
9/16/1983,0.49
9/17/1983,0
9/18/1983,0
9/19/1983,0
9/20/1983,0
9/21/1983,0.25
9/22/1983,1.15
9/23/1983,4.49
9/24/1983,6.06
9/25/1983,1.73
9/26/1983,3.36
9/27/1983,0.82
9/28/1983,0.58
9/29/1983,1.07
9/30/1983,2.76
10/1/1983,2.25
10/2/1983,0.25
10/3/1983,0.37
10/4/1983,0.58
10/5/1983,0.74
10/6/1983,1.38
10/7/1983,1.57
10/8/1983,4.41
10/9/1983,3.58
10/10/1983,1.92
10/11/1983,1.03
10/12/1983,1.24
10/13/1983,6.2
10/14/1983,2.8
10/15/1983,4.78
10/16/1983,5.05
10/17/1983,2.68
10/18/1983,2.6
10/19/1983,2.8
10/20/1983,2.33
10/21/1983,2.06
10/22/1983,0.7
10/23/1983,0.95
10/24/1983,0.78
10/25/1983,2.06
10/26/1983,1.05
10/27/1983,1.34
10/28/1983,0.62
10/29/1983,1.69
10/30/1983,2.49
10/31/1983,2.12
11/1/1983,4.82
11/2/1983,2.14
11/3/1983,2.14
11/4/1983,1.42
11/5/1983,1.11
11/6/1983,3.79
11/7/1983,1.44
11/8/1983,0.89
11/9/1983,2.68
11/10/1983,0.99
11/11/1983,0.82
11/12/1983,0.95
11/13/1983,4.99
11/14/1983,0.66
11/15/1983,0.21
11/16/1983,0.45
11/17/1983,0.16
11/18/1983,0.58
11/19/1983,1.24
11/20/1983,3.46
11/21/1983,2.31
11/22/1983,15.26
11/23/1983,7.97
11/24/1983,4.24
11/25/1983,8.4
11/26/1983,25.21
11/27/1983,4.74
11/28/1983,3.71
11/29/1983,19.03
11/30/1983,2.02
12/1/1983,0.29
12/2/1983,1.03
12/3/1983,4.12
12/4/1983,3.96
12/5/1983,3.09
12/6/1983,4.14
12/7/1983,2.35
12/8/1983,1.28
12/9/1983,0.45
12/10/1983,1.07
12/11/1983,1.52
12/12/1983,0.37
12/13/1983,1.32
12/14/1983,2.39
12/15/1983,0.49
12/16/1983,4.57
12/17/1983,26.94
12/18/1983,1.03
12/19/1983,1.4
12/20/1983,2.78
12/21/1983,1.85
12/22/1983,0.82
12/23/1983,0.33
12/24/1983,0.41
12/25/1983,0.74
12/26/1983,0.08
12/27/1983,0.82
12/28/1983,1.4
12/29/1983,0.74
12/30/1983,0.37
12/31/1983,0.7
1/1/1984,0.21
1/2/1984,0.12
1/3/1984,0.37
1/4/1984,0.74
1/5/1984,1.32
1/6/1984,1.32
1/7/1984,4.74
1/8/1984,3.83
1/9/1984,5.17
1/10/1984,5.81
1/11/1984,1.9
1/12/1984,2.47
1/13/1984,3.01
1/14/1984,4.06
1/15/1984,3.01
1/16/1984,3.09
1/17/1984,3.3
1/18/1984,0.54
1/19/1984,0.49
1/20/1984,1.69
1/21/1984,0.87
1/22/1984,2.06
1/23/1984,1.65
1/24/1984,6.86
1/25/1984,2.93
1/26/1984,2.31
1/27/1984,1.07
1/28/1984,0.49
1/29/1984,1.98
1/30/1984,2.31
1/31/1984,3.01
2/1/1984,8.24
2/2/1984,6.76
2/3/1984,9.06
2/4/1984,4.33
2/5/1984,2.72
2/6/1984,4.08
2/7/1984,1.15
2/8/1984,0.72
2/9/1984,0.99
2/10/1984,1.77
2/11/1984,1.69
2/12/1984,1.32
2/13/1984,8.82
2/14/1984,5.48
2/15/1984,1.36
2/16/1984,0.99
2/17/1984,2.8
2/18/1984,1.73
2/19/1984,0.66
2/20/1984,1.52
2/21/1984,0.74
2/22/1984,0.82
2/23/1984,0.37
2/24/1984,0.25
2/25/1984,1.03
2/26/1984,2.18
2/27/1984,2.51
2/28/1984,2.72
2/29/1984,2.47
3/1/1984,1.61
3/2/1984,1.32
3/3/1984,0.95
3/4/1984,1.85
3/5/1984,1.4
3/6/1984,0.87
3/7/1984,1.48
3/8/1984,1.81
3/9/1984,2.97
3/10/1984,0.82
3/11/1984,3.79
3/12/1984,3.13
3/13/1984,0.91
3/14/1984,4.04
3/15/1984,0.78
3/16/1984,0.78
3/17/1984,0.33
3/18/1984,1.07
3/19/1984,1.52
3/20/1984,2.55
3/21/1984,6.96
3/22/1984,3.3
3/23/1984,3.34
3/24/1984,2.51
3/25/1984,4.08
3/26/1984,1.28
3/27/1984,1.03
3/28/1984,0.54
3/29/1984,1.36
3/30/1984,0.49
3/31/1984,0.64
4/1/1984,0.7
4/2/1984,0.74
4/3/1984,0.25
4/4/1984,1.15
4/5/1984,1.57
4/6/1984,0.39
4/7/1984,5.91
4/8/1984,6.1
4/9/1984,2.1
4/10/1984,0.56
4/11/1984,0.41
4/12/1984,0.91
4/13/1984,3.38
4/14/1984,3.13
4/15/1984,3.21
4/16/1984,2.22
4/17/1984,3.38
4/18/1984,6.76
4/19/1984,2.02
4/20/1984,6.3
4/21/1984,3.67
4/22/1984,1.07
4/23/1984,0.29
4/24/1984,2.06
4/25/1984,3.87
4/26/1984,2.51
4/27/1984,1.07
4/28/1984,1.17
4/29/1984,1.03
4/30/1984,0.25
5/1/1984,1.28
5/2/1984,2.22
5/3/1984,2.31
5/4/1984,1.61
5/5/1984,1.32
5/6/1984,0.45
5/7/1984,0.37
5/8/1984,0.62
5/9/1984,0.16
5/10/1984,0.04
5/11/1984,0.25
5/12/1984,1.44
5/13/1984,0.23
5/14/1984,0.27
5/15/1984,1.15
5/16/1984,1.48
5/17/1984,0.95
5/18/1984,1.11
5/19/1984,0
5/20/1984,0
5/21/1984,0
5/22/1984,0
5/23/1984,0
5/24/1984,0.12
5/25/1984,1.07
5/26/1984,0.74
5/27/1984,0.12
5/28/1984,0.02
5/29/1984,0.04
5/30/1984,0.08
5/31/1984,0.62
6/1/1984,0.58
6/2/1984,0.04
6/3/1984,0
6/4/1984,0
6/5/1984,0
6/6/1984,0.33
6/7/1984,0.33
6/8/1984,0.08
6/9/1984,0.12
6/10/1984,0.12
6/11/1984,0.68
6/12/1984,0.37
6/13/1984,0.04
6/14/1984,0.04
6/15/1984,0.21
6/16/1984,1.34
6/17/1984,0.7
6/18/1984,0.35
6/19/1984,0.14
6/20/1984,0.12
6/21/1984,0.12
6/22/1984,0.14
6/23/1984,0.33
6/24/1984,0.66
6/25/1984,0.19
6/26/1984,0
6/27/1984,1.11
6/28/1984,0.62
6/29/1984,0.16
6/30/1984,0.66
7/1/1984,0.14
7/2/1984,0.02
7/3/1984,0
7/4/1984,0
7/5/1984,0.19
7/6/1984,0.21
7/7/1984,0.25
7/8/1984,0
7/9/1984,0.02
7/10/1984,0.08
7/11/1984,0.45
7/12/1984,2.14
7/13/1984,0.21
7/14/1984,0
7/15/1984,0.08
7/16/1984,0.12
7/17/1984,0.78
7/18/1984,0.16
7/19/1984,0.29
7/20/1984,0.37
7/21/1984,0.58
7/22/1984,0.06
7/23/1984,0
7/24/1984,0.82
7/25/1984,0.56
7/26/1984,0.04
7/27/1984,0.02
7/28/1984,0
7/29/1984,0
7/30/1984,0
7/31/1984,0
8/1/1984,0
8/2/1984,0
8/3/1984,0
8/4/1984,0
8/5/1984,0
8/6/1984,0
8/7/1984,0
8/8/1984,0
8/9/1984,0
8/10/1984,0
8/11/1984,0
8/12/1984,0
8/13/1984,0
8/14/1984,0
8/15/1984,0
8/16/1984,0
8/17/1984,0
8/18/1984,0.04
8/19/1984,0
8/20/1984,0.12
8/21/1984,0.16
8/22/1984,0.16
8/23/1984,0.25
8/24/1984,0.7
8/25/1984,2.88
8/26/1984,4.22
8/27/1984,3.05
8/28/1984,2.1
8/29/1984,3.54
8/30/1984,2.35
8/31/1984,1.61
9/1/1984,3.5
9/2/1984,4.66
9/3/1984,5.73
9/4/1984,5.17
9/5/1984,1.73
9/6/1984,1.11
9/7/1984,0.66
9/8/1984,1.38
9/9/1984,1.44
9/10/1984,1.73
9/11/1984,2.35
9/12/1984,0.33
9/13/1984,0
9/14/1984,0
9/15/1984,0
9/16/1984,0
9/17/1984,0.12
9/18/1984,0.45
9/19/1984,0
9/20/1984,0
9/21/1984,0.12
9/22/1984,1.07
9/23/1984,1.44
9/24/1984,2.93
9/25/1984,0.84
9/26/1984,0.49
9/27/1984,0.66
9/28/1984,1.11
9/29/1984,0.62
9/30/1984,2.31
10/1/1984,1.52
10/2/1984,1.24
10/3/1984,1.28
10/4/1984,2.16
10/5/1984,2.51
10/6/1984,5.15
10/7/1984,9.1
10/8/1984,6.76
10/9/1984,2.37
10/10/1984,6.18
10/11/1984,1.65
10/12/1984,2.18
10/13/1984,3.34
10/14/1984,1.85
10/15/1984,0.62
10/16/1984,1.11
10/17/1984,1.09
10/18/1984,2.27
10/19/1984,0.37
10/20/1984,1.36
10/21/1984,3.05
10/22/1984,1.19
10/23/1984,1.61
10/24/1984,1.63
10/25/1984,2.29
10/26/1984,2.62
10/27/1984,1.15
10/28/1984,0.82
10/29/1984,0.72
10/30/1984,0.62
10/31/1984,0.12
11/1/1984,1.03
11/2/1984,0.33
11/3/1984,1.15
11/4/1984,6.14
11/5/1984,1.24
11/6/1984,2.66
11/7/1984,1.9
11/8/1984,0.7
11/9/1984,0.08
11/10/1984,0.08
11/11/1984,0.41
11/12/1984,1.81
11/13/1984,2.93
11/14/1984,0.21
11/15/1984,3.09
11/16/1984,0.51
11/17/1984,0.62
11/18/1984,2.06
11/19/1984,1.87
11/20/1984,1.03
11/21/1984,0.54
11/22/1984,0.49
11/23/1984,1.57
11/24/1984,1.09
11/25/1984,4.82
11/26/1984,1.65
11/27/1984,0.16
11/28/1984,1.15
11/29/1984,0.19
11/30/1984,0.37
12/1/1984,0.16
12/2/1984,0.45
12/3/1984,0.91
12/4/1984,0.87
12/5/1984,0.74
12/6/1984,2.64
12/7/1984,2.8
12/8/1984,1.07
12/9/1984,1.19
12/10/1984,4.57
12/11/1984,3.01
12/12/1984,1.65
12/13/1984,0.25
12/14/1984,0.62
12/15/1984,2.97
12/16/1984,4.22
12/17/1984,6.63
12/18/1984,1.28
12/19/1984,0.74
12/20/1984,2.31
12/21/1984,14.58
12/22/1984,2.72
12/23/1984,6.47
12/24/1984,2.72
12/25/1984,2.06
12/26/1984,0.91
12/27/1984,1.57
12/28/1984,3.3
12/29/1984,3.63
12/30/1984,2.76
12/31/1984,1.4
1/1/1985,3.38
1/2/1985,5.85
1/3/1985,1.57
1/4/1985,1.28
1/5/1985,0.29
1/6/1985,0.27
1/7/1985,1.32
1/8/1985,1.57
1/9/1985,7.17
1/10/1985,7.04
1/11/1985,0.33
1/12/1985,0.97
1/13/1985,0.66
1/14/1985,1.9
1/15/1985,5.23
1/16/1985,6.18
1/17/1985,3.25
1/18/1985,0.49
1/19/1985,1.63
1/20/1985,1.81
1/21/1985,5.4
1/22/1985,0.78
1/23/1985,1.57
1/24/1985,2.27
1/25/1985,6.8
1/26/1985,12.52
1/27/1985,11.04
1/28/1985,1.94
1/29/1985,1.65
1/30/1985,5.31
1/31/1985,1.73
2/1/1985,3.09
2/2/1985,3.71
2/3/1985,9.48
2/4/1985,11.04
2/5/1985,8.53
2/6/1985,4.37
2/7/1985,0.58
2/8/1985,1.77
2/9/1985,1.61
2/10/1985,2.08
2/11/1985,2.6
2/12/1985,4.53
2/13/1985,2.72
2/14/1985,2.02
2/15/1985,2.51
2/16/1985,2.31
2/17/1985,0.82
2/18/1985,4.94
2/19/1985,1.48
2/20/1985,3.79
2/21/1985,1.85
2/22/1985,1.24
2/23/1985,3.71
2/24/1985,10.01
2/25/1985,7.58
2/26/1985,2.62
2/27/1985,2.68
2/28/1985,0.99
3/1/1985,3.01
3/2/1985,1.4
3/3/1985,1.07
3/4/1985,1.98
3/5/1985,9.89
3/6/1985,2.06
3/7/1985,1.44
3/8/1985,0.87
3/9/1985,2.64
3/10/1985,1.28
3/11/1985,1.19
3/12/1985,0.99
3/13/1985,0.49
3/14/1985,0.41
3/15/1985,0.16
3/16/1985,2.31
3/17/1985,2.64
3/18/1985,11.54
3/19/1985,3.63
3/20/1985,1.73
3/21/1985,0.25
3/22/1985,0.66
3/23/1985,1.19
3/24/1985,0.91
3/25/1985,0.82
3/26/1985,2.39
3/27/1985,2.18
3/28/1985,1.94
3/29/1985,1.13
3/30/1985,0.45
3/31/1985,0.91
4/1/1985,0.82
4/2/1985,1.4
4/3/1985,1.65
4/4/1985,2.31
4/5/1985,8.61
4/6/1985,6.45
4/7/1985,2.1
4/8/1985,0.87
4/9/1985,1.24
4/10/1985,1.65
4/11/1985,2.55
4/12/1985,0.33
4/13/1985,0.54
4/14/1985,3.71
4/15/1985,1.65
4/16/1985,1.24
4/17/1985,0.27
4/18/1985,1.11
4/19/1985,0.7
4/20/1985,0.16
4/21/1985,0.08
4/22/1985,0
4/23/1985,0
4/24/1985,0.25
4/25/1985,1.98
4/26/1985,0.49
4/27/1985,0.54
4/28/1985,0.78
4/29/1985,2.72
4/30/1985,1.85
5/1/1985,1.11
5/2/1985,2.2
5/3/1985,1.11
5/4/1985,0.64
5/5/1985,0.31
5/6/1985,0
5/7/1985,0.08
5/8/1985,0
5/9/1985,0.04
5/10/1985,1.85
5/11/1985,1.26
5/12/1985,0.6
5/13/1985,0.82
5/14/1985,0.99
5/15/1985,0.08
5/16/1985,0
5/17/1985,0.06
5/18/1985,1.81
5/19/1985,3.87
5/20/1985,0.82
5/21/1985,0.29
5/22/1985,5.34
5/23/1985,6.84
5/24/1985,4.41
5/25/1985,1.07
5/26/1985,0.25
5/27/1985,0.33
5/28/1985,0.29
5/29/1985,0
5/30/1985,0.45
5/31/1985,0.37
6/1/1985,0.91
6/2/1985,0.21
6/3/1985,0.25
6/4/1985,1.24
6/5/1985,0.37
6/6/1985,0.04
6/7/1985,0.08
6/8/1985,0.04
6/9/1985,0.08
6/10/1985,0
6/11/1985,0
6/12/1985,0.21
6/13/1985,0
6/14/1985,0
6/15/1985,0
6/16/1985,0
6/17/1985,0.45
6/18/1985,1.61
6/19/1985,1.19
6/20/1985,2.51
6/21/1985,1.32
6/22/1985,2.64
6/23/1985,0.58
6/24/1985,1.32
6/25/1985,0.41
6/26/1985,0.84
6/27/1985,3.83
6/28/1985,2.18
6/29/1985,0.66
6/30/1985,0.49
7/1/1985,0.39
7/2/1985,1.24
7/3/1985,1.24
7/4/1985,2.37
7/5/1985,1.81
7/6/1985,0.87
7/7/1985,0.66
7/8/1985,0.12
7/9/1985,0.04
7/10/1985,1.03
7/11/1985,2.06
7/12/1985,1.15
7/13/1985,3.13
7/14/1985,0.45
7/15/1985,0.14
7/16/1985,0.08
7/17/1985,1.44
7/18/1985,2.88
7/19/1985,1.28
7/20/1985,0.08
7/21/1985,0.54
7/22/1985,2.22
7/23/1985,3.38
7/24/1985,0.33
7/25/1985,0.04
7/26/1985,1.57
7/27/1985,1.07
7/28/1985,1.9
7/29/1985,2.6
7/30/1985,1.07
7/31/1985,0.54
8/1/1985,0.37
8/2/1985,0.19
8/3/1985,1.85
8/4/1985,0.87
8/5/1985,0.08
8/6/1985,0.1
8/7/1985,2.14
8/8/1985,3.79
8/9/1985,3.77
8/10/1985,1.01
8/11/1985,0.66
8/12/1985,0.19
8/13/1985,0
8/14/1985,0.04
8/15/1985,0.29
8/16/1985,0
8/17/1985,0
8/18/1985,0
8/19/1985,0
8/20/1985,0.62
8/21/1985,0.29
8/22/1985,0.91
8/23/1985,1.07
8/24/1985,1.19
8/25/1985,1.65
8/26/1985,2.35
8/27/1985,2.47
8/28/1985,6.39
8/29/1985,6.24
8/30/1985,4.78
8/31/1985,3.48
9/1/1985,2.6
9/2/1985,3.58
9/3/1985,4.31
9/4/1985,2.68
9/5/1985,4.82
9/6/1985,2.68
9/7/1985,1.73
9/8/1985,0.99
9/9/1985,0.08
9/10/1985,0
9/11/1985,0
9/12/1985,0
9/13/1985,0
9/14/1985,0
9/15/1985,0.33
9/16/1985,1.73
9/17/1985,0.33
9/18/1985,1.9
9/19/1985,2.08
9/20/1985,1.42
9/21/1985,2.02
9/22/1985,0.33
9/23/1985,2.39
9/24/1985,4.49
9/25/1985,4.12
9/26/1985,8.28
9/27/1985,15.74
9/28/1985,4.82
9/29/1985,5.52
9/30/1985,4.37
10/1/1985,2.43
10/2/1985,2.43
10/3/1985,2.39
10/4/1985,3.54
10/5/1985,4.16
10/6/1985,3.42
10/7/1985,2.72
10/8/1985,2.33
10/9/1985,1.81
10/10/1985,2.39
10/11/1985,15.92
10/12/1985,16.05
10/13/1985,2.1
10/14/1985,3.38
10/15/1985,4.9
10/16/1985,0.7
10/17/1985,1.65
10/18/1985,0.82
10/19/1985,1.57
10/20/1985,1.65
10/21/1985,3.96
10/22/1985,1.07
10/23/1985,0.58
10/24/1985,2.02
10/25/1985,1.48
10/26/1985,1.52
10/27/1985,2.93
10/28/1985,3.34
10/29/1985,1.98
10/30/1985,1.79
10/31/1985,0.78
11/1/1985,0.45
11/2/1985,3.25
11/3/1985,5.07
11/4/1985,4.66
11/5/1985,1.24
11/6/1985,0.99
11/7/1985,2.39
11/8/1985,7.33
11/9/1985,1.07
11/10/1985,2.27
11/11/1985,2.14
11/12/1985,1.07
11/13/1985,0.74
11/14/1985,0.21
11/15/1985,0.78
11/16/1985,14.96
11/17/1985,2.35
11/18/1985,0.91
11/19/1985,1.85
11/20/1985,1.5
11/21/1985,1.67
11/22/1985,1.38
11/23/1985,3.44
11/24/1985,1.52
11/25/1985,1.07
11/26/1985,0.45
11/27/1985,0.33
11/28/1985,0.54
11/29/1985,0.95
11/30/1985,0.41
12/1/1985,0.49
12/2/1985,0.08
12/3/1985,0.33
12/4/1985,9.35
12/5/1985,0.29
12/6/1985,0.45
12/7/1985,2.84
12/8/1985,0.29
12/9/1985,1.94
12/10/1985,0.25
12/11/1985,0.66
12/12/1985,0.62
12/13/1985,1.19
12/14/1985,0.74
12/15/1985,1.03
12/16/1985,0.91
12/17/1985,0.16
12/18/1985,1.28
12/19/1985,0.74
12/20/1985,0.02
12/21/1985,0.1
12/22/1985,0.12
12/23/1985,0.62
12/24/1985,1.52
12/25/1985,2.76
12/26/1985,0.08
12/27/1985,1.24
12/28/1985,4.2
12/29/1985,1.81
12/30/1985,0.41
12/31/1985,1.9
1/1/1986,1.54
1/2/1986,0.95
1/3/1986,0.21
1/4/1986,1.94
1/5/1986,2.35
1/6/1986,0.49
1/7/1986,1.01
1/8/1986,0.99
1/9/1986,0.45
1/10/1986,0.49
1/11/1986,1.4
1/12/1986,2.41
1/13/1986,3.13
1/14/1986,3.71
1/15/1986,2.2
1/16/1986,2.29
1/17/1986,0.08
1/18/1986,2.14
1/19/1986,2.88
1/20/1986,1.57
1/21/1986,2.55
1/22/1986,0.62
1/23/1986,0.78
1/24/1986,0.82
1/25/1986,0.62
1/26/1986,3.42
1/27/1986,5.27
1/28/1986,4.04
1/29/1986,1.15
1/30/1986,1.26
1/31/1986,1.19
2/1/1986,1.44
2/2/1986,0.74
2/3/1986,0.08
2/4/1986,0.54
2/5/1986,3.13
2/6/1986,1.52
2/7/1986,3.75
2/8/1986,2.2
2/9/1986,0.66
2/10/1986,0.64
2/11/1986,4.9
2/12/1986,1.77
2/13/1986,0.54
2/14/1986,1.4
2/15/1986,3.63
2/16/1986,5.11
2/17/1986,1.96
2/18/1986,3.17
2/19/1986,4.61
2/20/1986,1.73
2/21/1986,0.95
2/22/1986,6.76
2/23/1986,6.92
2/24/1986,2.22
2/25/1986,5.11
2/26/1986,17.72
2/27/1986,9.64
2/28/1986,1.28
3/1/1986,4.45
3/2/1986,3.87
3/3/1986,6.43
3/4/1986,8.45
3/5/1986,0.58
3/6/1986,3.23
3/7/1986,1.28
3/8/1986,1.94
3/9/1986,2.35
3/10/1986,0.95
3/11/1986,1.32
3/12/1986,8.73
3/13/1986,2.97
3/14/1986,1.48
3/15/1986,1.28
3/16/1986,0.33
3/17/1986,2.22
3/18/1986,11.45
3/19/1986,3.05
3/20/1986,0.25
3/21/1986,1.28
3/22/1986,0.41
3/23/1986,1.03
3/24/1986,1.19
3/25/1986,0.78
3/26/1986,0.33
3/27/1986,0.7
3/28/1986,0.37
3/29/1986,1.38
3/30/1986,2.68
3/31/1986,0.8
4/1/1986,0.16
4/2/1986,4.33
4/3/1986,1.48
4/4/1986,5.36
4/5/1986,2.22
4/6/1986,0.58
4/7/1986,0.12
4/8/1986,0.58
4/9/1986,0.78
4/10/1986,0.08
4/11/1986,2.88
4/12/1986,1.24
4/13/1986,4.66
4/14/1986,0.99
4/15/1986,0.99
4/16/1986,2.18
4/17/1986,3.46
4/18/1986,3.67
4/19/1986,0.58
4/20/1986,0.16
4/21/1986,0.39
4/22/1986,0.66
4/23/1986,0.66
4/24/1986,0.8
4/25/1986,0.99
4/26/1986,1.03
4/27/1986,1.26
4/28/1986,0.95
4/29/1986,0.35
4/30/1986,0.54
5/1/1986,1.24
5/2/1986,1.36
5/3/1986,0
5/4/1986,0
5/5/1986,0
5/6/1986,0.14
5/7/1986,1.85
5/8/1986,1.71
5/9/1986,2.37
5/10/1986,2.16
5/11/1986,0.54
5/12/1986,1.42
5/13/1986,0.87
5/14/1986,1.19
5/15/1986,1.03
5/16/1986,2.02
5/17/1986,0.99
5/18/1986,1.32
5/19/1986,0.82
5/20/1986,1.44
5/21/1986,1.67
5/22/1986,2.35
5/23/1986,0.97
5/24/1986,0.8
5/25/1986,0.21
5/26/1986,0.62
5/27/1986,1.19
5/28/1986,1.77
5/29/1986,1.4
5/30/1986,1.24
5/31/1986,0.37
6/1/1986,1.69
6/2/1986,0.23
6/3/1986,0.14
6/4/1986,2.95
6/5/1986,0.51
6/6/1986,1.19
6/7/1986,2.82
6/8/1986,0.7
6/9/1986,0.25
6/10/1986,1.48
6/11/1986,2.84
6/12/1986,1.94
6/13/1986,0.49
6/14/1986,0
6/15/1986,0
6/16/1986,0
6/17/1986,0
6/18/1986,0
6/19/1986,0
6/20/1986,0
6/21/1986,0.06
6/22/1986,4.12
6/23/1986,1.4
6/24/1986,1.19
6/25/1986,0.49
6/26/1986,1.57
6/27/1986,1.19
6/28/1986,1.52
6/29/1986,3.09
6/30/1986,3.63
7/1/1986,3.98
7/2/1986,1.44
7/3/1986,1.24
7/4/1986,1.57
7/5/1986,0.56
7/6/1986,2.27
7/7/1986,1.9
7/8/1986,2.18
7/9/1986,2.1
7/10/1986,4.24
7/11/1986,1.24
7/12/1986,0.6
7/13/1986,0.21
7/14/1986,0.08
7/15/1986,0
7/16/1986,0.74
7/17/1986,1.59
7/18/1986,0.78
7/19/1986,0.16
7/20/1986,0
7/21/1986,0
7/22/1986,0
7/23/1986,0.08
7/24/1986,0
7/25/1986,0
7/26/1986,0.74
7/27/1986,1.15
7/28/1986,0.87
7/29/1986,0.29
7/30/1986,0
7/31/1986,0
8/1/1986,0
8/2/1986,0
8/3/1986,0.02
8/4/1986,0.04
8/5/1986,0.56
8/6/1986,2.12
8/7/1986,0.89
8/8/1986,2
8/9/1986,6.43
8/10/1986,7.42
8/11/1986,5.48
8/12/1986,2.04
8/13/1986,1.94
8/14/1986,5.36
8/15/1986,5.07
8/16/1986,1.96
8/17/1986,0.7
8/18/1986,0
8/19/1986,0.49
8/20/1986,0.25
8/21/1986,0.35
8/22/1986,0
8/23/1986,0.25
8/24/1986,0.78
8/25/1986,0.47
8/26/1986,0.08
8/27/1986,0.45
8/28/1986,0.41
8/29/1986,0.02
8/30/1986,0
8/31/1986,0.12
9/1/1986,0.16
9/2/1986,2.16
9/3/1986,2.93
9/4/1986,1.65
9/5/1986,7.5
9/6/1986,2.1
9/7/1986,1.52
9/8/1986,1.65
9/9/1986,2.39
9/10/1986,5.89
9/11/1986,3.83
9/12/1986,5.71
9/13/1986,3.63
9/14/1986,4.16
9/15/1986,1.36
9/16/1986,1.28
9/17/1986,1.19
9/18/1986,1.01
9/19/1986,2.45
9/20/1986,3.09
9/21/1986,5.19
9/22/1986,5.56
9/23/1986,6.59
9/24/1986,2.8
9/25/1986,4.2
9/26/1986,5.03
9/27/1986,6.8
9/28/1986,9.31
9/29/1986,8.4
9/30/1986,0.74
10/1/1986,2.12
10/2/1986,3.42
10/3/1986,1.85
10/4/1986,5.31
10/5/1986,5.64
10/6/1986,2.22
10/7/1986,1.24
10/8/1986,0.41
10/9/1986,0.95
10/10/1986,1.61
10/11/1986,3.42
10/12/1986,2.68
10/13/1986,1.57
10/14/1986,0.99
10/15/1986,1.24
10/16/1986,1.65
10/17/1986,1.69
10/18/1986,0.89
10/19/1986,0
10/20/1986,0
10/21/1986,0.45
10/22/1986,1.3
10/23/1986,1.77
10/24/1986,0.66
10/25/1986,0.99
10/26/1986,1.11
10/27/1986,1.83
10/28/1986,2.88
10/29/1986,0.76
10/30/1986,2.84
10/31/1986,1.24
11/1/1986,0.29
11/2/1986,1.24
11/3/1986,3.87
11/4/1986,28.96
11/5/1986,0.78
11/6/1986,0.14
11/7/1986,0
11/8/1986,0
11/9/1986,0.12
11/10/1986,1.11
11/11/1986,9.48
11/12/1986,11.37
11/13/1986,4.33
11/14/1986,1.4
11/15/1986,0.97
11/16/1986,0.66
11/17/1986,1.69
11/18/1986,0.29
11/19/1986,1.65
11/20/1986,2.1
11/21/1986,4.99
11/22/1986,2.39
11/23/1986,0.62
11/24/1986,0.45
11/25/1986,0.29
11/26/1986,0.54
11/27/1986,0.91
11/28/1986,1.28
11/29/1986,1.07
11/30/1986,0.82
12/1/1986,2.76
12/2/1986,1.32
12/3/1986,0.99
12/4/1986,0.74
12/5/1986,9.56
12/6/1986,27.81
12/7/1986,0.47
12/8/1986,0.16
12/9/1986,0.16
12/10/1986,0.04
12/11/1986,0.12
12/12/1986,2.43
12/13/1986,5.31
12/14/1986,2.35
12/15/1986,0.25
12/16/1986,0.08
12/17/1986,0.41
12/18/1986,0.08
12/19/1986,0.78
12/20/1986,2.14
12/21/1986,2.47
12/22/1986,1.61
12/23/1986,1.26
12/24/1986,2.14
12/25/1986,1.61
12/26/1986,0.1
12/27/1986,0.16
12/28/1986,0.74
12/29/1986,3.79
12/30/1986,2.93
12/31/1986,0.99
1/1/1987,0.04
1/2/1987,1.44
1/3/1987,3.21
1/4/1987,14.83
1/5/1987,8.24
1/6/1987,3.05
1/7/1987,1.48
1/8/1987,0.82
1/9/1987,0.21
1/10/1987,0.37
1/11/1987,1.87
1/12/1987,2.47
1/13/1987,4.45
1/14/1987,0.62
1/15/1987,0.33
1/16/1987,0.21
1/17/1987,0.82
1/18/1987,2.88
1/19/1987,2.18
1/20/1987,3.79
1/21/1987,4.53
1/22/1987,4.74
1/23/1987,1.36
1/24/1987,1.38
1/25/1987,1.4
1/26/1987,2.06
1/27/1987,1.36
1/28/1987,4.53
1/29/1987,7.33
1/30/1987,6.67
1/31/1987,2.18
2/1/1987,6.18
2/2/1987,1.36
2/3/1987,0.91
2/4/1987,1.19
2/5/1987,0.7
2/6/1987,2.04
2/7/1987,2.8
2/8/1987,3.63
2/9/1987,3.63
2/10/1987,1.32
2/11/1987,1.57
2/12/1987,4.33
2/13/1987,1.4
2/14/1987,1.48
2/15/1987,3.01
2/16/1987,5.69
2/17/1987,2.35
2/18/1987,0.62
2/19/1987,0.49
2/20/1987,1.92
2/21/1987,2.9
2/22/1987,2.18
2/23/1987,2.76
2/24/1987,7.29
2/25/1987,2.29
2/26/1987,0.8
2/27/1987,2.25
2/28/1987,1.32
3/1/1987,2.47
3/2/1987,1.32
3/3/1987,1.44
3/4/1987,0.49
3/5/1987,0.33
3/6/1987,1.32
3/7/1987,0.16
3/8/1987,0.66
3/9/1987,0.74
3/10/1987,3.79
3/11/1987,1.44
3/12/1987,1.4
3/13/1987,3.87
3/14/1987,2.22
3/15/1987,3.13
3/16/1987,11.78
3/17/1987,5.27
3/18/1987,0.62
3/19/1987,2.8
3/20/1987,2.93
3/21/1987,0.93
3/22/1987,1.09
3/23/1987,0.58
3/24/1987,1.32
3/25/1987,0.78
3/26/1987,1.71
3/27/1987,0.54
3/28/1987,1.44
3/29/1987,0.41
3/30/1987,0.25
3/31/1987,0.08
4/1/1987,1.9
4/2/1987,1.85
4/3/1987,4.57
4/4/1987,5.01
4/5/1987,0.97
4/6/1987,1.24
4/7/1987,0.29
4/8/1987,2.06
4/9/1987,0.7
4/10/1987,0.45
4/11/1987,0.21
4/12/1987,0.19
4/13/1987,0.06
4/14/1987,0.23
4/15/1987,0.74
4/16/1987,3.01
4/17/1987,0.49
4/18/1987,1.65
4/19/1987,0.78
4/20/1987,5.93
4/21/1987,2.14
4/22/1987,0.74
4/23/1987,1.36
4/24/1987,3.28
4/25/1987,2
4/26/1987,1.11
4/27/1987,1.07
4/28/1987,1.44
4/29/1987,1.69
4/30/1987,0.49
5/1/1987,1.15
5/2/1987,0.78
5/3/1987,0.49
5/4/1987,2.31
5/5/1987,4.53
5/6/1987,5.44
5/7/1987,1.32
5/8/1987,0.25
5/9/1987,4.04
5/10/1987,0.41
5/11/1987,0.62
5/12/1987,0.54
5/13/1987,0.62
5/14/1987,0.33
5/15/1987,0.45
5/16/1987,0.04
5/17/1987,0.06
5/18/1987,0.02
5/19/1987,0.04
5/20/1987,0.41
5/21/1987,0
5/22/1987,0.29
5/23/1987,1.54
5/24/1987,7.33
5/25/1987,0.43
5/26/1987,0.62
5/27/1987,5.44
5/28/1987,1.77
5/29/1987,0.06
5/30/1987,0.45
5/31/1987,0.49
6/1/1987,2.14
6/2/1987,3.21
6/3/1987,1.54
6/4/1987,2.02
6/5/1987,0.54
6/6/1987,0.66
6/7/1987,3.79
6/8/1987,6.34
6/9/1987,0.33
6/10/1987,0
6/11/1987,0
6/12/1987,0
6/13/1987,0.33
6/14/1987,0.78
6/15/1987,0.35
6/16/1987,0.02
6/17/1987,0
6/18/1987,0.41
6/19/1987,0.95
6/20/1987,1.57
6/21/1987,0.91
6/22/1987,1.15
6/23/1987,1.03
6/24/1987,1.63
6/25/1987,2.04
6/26/1987,1.42
6/27/1987,0.95
6/28/1987,0.41
6/29/1987,0
6/30/1987,0
7/1/1987,0
7/2/1987,0
7/3/1987,0.04
7/4/1987,0.25
7/5/1987,0.54
7/6/1987,0.16
7/7/1987,0
7/8/1987,0
7/9/1987,0
7/10/1987,0
7/11/1987,0.12
7/12/1987,0.74
7/13/1987,0.08
7/14/1987,0.04
7/15/1987,0
7/16/1987,0
7/17/1987,0
7/18/1987,0
7/19/1987,0
7/20/1987,0
7/21/1987,0.04
7/22/1987,1.19
7/23/1987,1.77
7/24/1987,1.65
7/25/1987,0.84
7/26/1987,0.76
7/27/1987,0.56
7/28/1987,0.21
7/29/1987,1.4
7/30/1987,0.99
7/31/1987,1.13
8/1/1987,6.18
8/2/1987,3.63
8/3/1987,0.29
8/4/1987,0
8/5/1987,0
8/6/1987,0
8/7/1987,0
8/8/1987,0.29
8/9/1987,0.12
8/10/1987,0.06
8/11/1987,0.04
8/12/1987,0.62
8/13/1987,1.44
8/14/1987,1.15
8/15/1987,1.19
8/16/1987,1.07
8/17/1987,0
8/18/1987,0.06
8/19/1987,2.02
8/20/1987,5.29
8/21/1987,3.91
8/22/1987,0.1
8/23/1987,0.25
8/24/1987,1.11
8/25/1987,0.02
8/26/1987,0.08
8/27/1987,0
8/28/1987,0
8/29/1987,0
8/30/1987,0
8/31/1987,0.49
9/1/1987,1.24
9/2/1987,1.01
9/3/1987,0.82
9/4/1987,0.25
9/5/1987,1.36
9/6/1987,4.04
9/7/1987,0.41
9/8/1987,0.33
9/9/1987,1.48
9/10/1987,2.06
9/11/1987,2.76
9/12/1987,2.51
9/13/1987,3.79
9/14/1987,1.98
9/15/1987,2.51
9/16/1987,2.97
9/17/1987,3.91
9/18/1987,1.48
9/19/1987,0.25
9/20/1987,0.78
9/21/1987,2.47
9/22/1987,7.42
9/23/1987,2.06
9/24/1987,1.52
9/25/1987,2.1
9/26/1987,2.64
9/27/1987,5.4
9/28/1987,4.82
9/29/1987,4.86
9/30/1987,4.53
10/1/1987,3.91
10/2/1987,1.9
10/3/1987,1.98
10/4/1987,1.48
10/5/1987,2.08
10/6/1987,1.26
10/7/1987,1.4
10/8/1987,2.14
10/9/1987,3.11
10/10/1987,3.67
10/11/1987,5.36
10/12/1987,4.57
10/13/1987,3.01
10/14/1987,3.67
10/15/1987,0.78
10/16/1987,1.61
10/17/1987,1.67
10/18/1987,2.29
10/19/1987,2.93
10/20/1987,3.54
10/21/1987,3.91
10/22/1987,2.97
10/23/1987,1.09
10/24/1987,0
10/25/1987,0
10/26/1987,0
10/27/1987,2.06
10/28/1987,4.53
10/29/1987,1.65
10/30/1987,1.13
10/31/1987,2.12
11/1/1987,1.32
11/2/1987,1.17
11/3/1987,1.42
11/4/1987,0.95
11/5/1987,0.68
11/6/1987,0.45
11/7/1987,2.47
11/8/1987,0.74
11/9/1987,0.54
11/10/1987,1.15
11/11/1987,0.93
11/12/1987,3.01
11/13/1987,3.01
11/14/1987,4.49
11/15/1987,3.46
11/16/1987,1.71
11/17/1987,1.63
11/18/1987,1.52
11/19/1987,0.95
11/20/1987,2.97
11/21/1987,0.08
11/22/1987,2.18
11/23/1987,2.57
11/24/1987,2.39
11/25/1987,1.61
11/26/1987,0.54
11/27/1987,0.95
11/28/1987,2.18
11/29/1987,1.57
11/30/1987,3.01
12/1/1987,1.19
12/2/1987,1.36
12/3/1987,1.36
12/4/1987,1.4
12/5/1987,0.89
12/6/1987,0.91
12/7/1987,0.08
12/8/1987,0.37
12/9/1987,0.58
12/10/1987,1.07
12/11/1987,0.21
12/12/1987,0.25
12/13/1987,1.15
12/14/1987,1.03
12/15/1987,0.58
12/16/1987,5.07
12/17/1987,3.81
12/18/1987,1.77
12/19/1987,0.37
12/20/1987,0.37
12/21/1987,1.36
12/22/1987,0.7
12/23/1987,1.65
12/24/1987,1.24
12/25/1987,11.12
12/26/1987,3.28
12/27/1987,1.36
12/28/1987,1.85
12/29/1987,1.11
12/30/1987,7
12/31/1987,3.05
1/1/1988,1.65
1/2/1988,1.9
1/3/1988,2.18
1/4/1988,1.07
1/5/1988,4.57
1/6/1988,23.98
1/7/1988,9.81
1/8/1988,3.85
1/9/1988,1.11
1/10/1988,0.66
1/11/1988,0.21
1/12/1988,2.43
1/13/1988,1.9
1/14/1988,1.07
1/15/1988,1.69
1/16/1988,0.91
1/17/1988,1.71
1/18/1988,3.71
1/19/1988,4.49
1/20/1988,1.81
1/21/1988,0.8
1/22/1988,0.74
1/23/1988,0.37
1/24/1988,0.16
1/25/1988,3.5
1/26/1988,11.91
1/27/1988,3.34
1/28/1988,2.84
1/29/1988,2.51
1/30/1988,3.83
1/31/1988,8.36
2/1/1988,10.63
2/2/1988,5.69
2/3/1988,0.62
2/4/1988,0.62
2/5/1988,0.19
2/6/1988,2.22
2/7/1988,1.94
2/8/1988,4.9
2/9/1988,4.86
2/10/1988,2.55
2/11/1988,1.11
2/12/1988,5.52
2/13/1988,8.4
2/14/1988,0.72
2/15/1988,0.47
2/16/1988,0.66
2/17/1988,2.18
2/18/1988,15.53
2/19/1988,6.72
2/20/1988,0.04
2/21/1988,0.82
2/22/1988,0.33
2/23/1988,0.33
2/24/1988,0.66
2/25/1988,4.78
2/26/1988,1.9
2/27/1988,1.81
2/28/1988,8.65
2/29/1988,3.25
3/1/1988,3.63
3/2/1988,7
3/3/1988,1.15
3/4/1988,1.87
3/5/1988,1.15
3/6/1988,0.84
3/7/1988,0.41
3/8/1988,0.33
3/9/1988,2.47
3/10/1988,2.72
3/11/1988,0.7
3/12/1988,0.37
3/13/1988,0.21
3/14/1988,0.37
3/15/1988,2.84
3/16/1988,1.07
3/17/1988,0.51
3/18/1988,2.02
3/19/1988,0.56
3/20/1988,0.21
3/21/1988,1.19
3/22/1988,0.99
3/23/1988,1.24
3/24/1988,0.49
3/25/1988,0.7
3/26/1988,0.49
3/27/1988,0.78
3/28/1988,0
3/29/1988,0.29
3/30/1988,2.64
3/31/1988,2.47
4/1/1988,0.33
4/2/1988,0.21
4/3/1988,0.25
4/4/1988,0.16
4/5/1988,1.73
4/6/1988,2.97
4/7/1988,2.6
4/8/1988,3.58
4/9/1988,3.01
4/10/1988,2.35
4/11/1988,4.82
4/12/1988,3.63
4/13/1988,1.48
4/14/1988,0.45
4/15/1988,0.37
4/16/1988,1.36
4/17/1988,1.96
4/18/1988,0.12
4/19/1988,0.64
4/20/1988,3.05
4/21/1988,1.57
4/22/1988,0.82
4/23/1988,2.64
4/24/1988,0.54
4/25/1988,0.21
4/26/1988,0.74
4/27/1988,0.54
4/28/1988,0.29
4/29/1988,1.15
4/30/1988,0.74
5/1/1988,1.48
5/2/1988,1.24
5/3/1988,1.07
5/4/1988,0.49
5/5/1988,1.65
5/6/1988,1.28
5/7/1988,0.66
5/8/1988,4.28
5/9/1988,0.82
5/10/1988,0.91
5/11/1988,1.69
5/12/1988,1.07
5/13/1988,0.82
5/14/1988,1.81
5/15/1988,1.81
5/16/1988,0.82
5/17/1988,0.12
5/18/1988,0.12
5/19/1988,0.74
5/20/1988,0.87
5/21/1988,0.45
5/22/1988,0.29
5/23/1988,0.37
5/24/1988,0.12
5/25/1988,0.12
5/26/1988,0.08
5/27/1988,0.78
5/28/1988,0.7
5/29/1988,0.41
5/30/1988,0.16
5/31/1988,0.04
6/1/1988,0.04
6/2/1988,0
6/3/1988,0.04
6/4/1988,0.12
6/5/1988,0.58
6/6/1988,1.15
6/7/1988,3.07
6/8/1988,0.39
6/9/1988,1.98
6/10/1988,1.85
6/11/1988,2.43
6/12/1988,2.51
6/13/1988,4.33
6/14/1988,3.42
6/15/1988,2
6/16/1988,0.6
6/17/1988,0.64
6/18/1988,0.7
6/19/1988,1.38
6/20/1988,3.89
6/21/1988,1.94
6/22/1988,1.75
6/23/1988,0.76
6/24/1988,0.21
6/25/1988,0.04
6/26/1988,0
6/27/1988,0
6/28/1988,0.02
6/29/1988,0.04
6/30/1988,0.04
7/1/1988,0
7/2/1988,0
7/3/1988,0.45
7/4/1988,0.02
7/5/1988,0
7/6/1988,0
7/7/1988,0
7/8/1988,2.51
7/9/1988,4.45
7/10/1988,0.95
7/11/1988,0.91
7/12/1988,0.58
7/13/1988,0.37
7/14/1988,0.72
7/15/1988,0.74
7/16/1988,0.08
7/17/1988,0
7/18/1988,0
7/19/1988,0.16
7/20/1988,0.33
7/21/1988,0.95
7/22/1988,0.97
7/23/1988,0.41
7/24/1988,0.29
7/25/1988,0.8
7/26/1988,0.06
7/27/1988,0.41
7/28/1988,0.35
7/29/1988,1.28
7/30/1988,0.12
7/31/1988,0.04
8/1/1988,0.58
8/2/1988,0.62
8/3/1988,3.83
8/4/1988,4.68
8/5/1988,6.76
8/6/1988,1.65
8/7/1988,1.36
8/8/1988,0.04
8/9/1988,0
8/10/1988,0
8/11/1988,0
8/12/1988,0
8/13/1988,0
8/14/1988,0
8/15/1988,0
8/16/1988,0
8/17/1988,0
8/18/1988,0
8/19/1988,0
8/20/1988,0
8/21/1988,0
8/22/1988,1.44
8/23/1988,1.24
8/24/1988,2.06
8/25/1988,3.54
8/26/1988,0.95
8/27/1988,0.66
8/28/1988,0
8/29/1988,0.62
8/30/1988,0.82
8/31/1988,1.03
9/1/1988,1.48
9/2/1988,3.34
9/3/1988,0.74
9/4/1988,1.61
9/5/1988,4.66
9/6/1988,2.55
9/7/1988,0.91
9/8/1988,0
9/9/1988,0
9/10/1988,0
9/11/1988,0
9/12/1988,0
9/13/1988,0
9/14/1988,0
9/15/1988,0
9/16/1988,0
9/17/1988,0
9/18/1988,0
9/19/1988,0
9/20/1988,0.37
9/21/1988,1.36
9/22/1988,3.13
9/23/1988,1.48
9/24/1988,2.8
9/25/1988,1.81
9/26/1988,2.64
9/27/1988,3.21
9/28/1988,2.35
9/29/1988,2.55
9/30/1988,6.14
10/1/1988,3.71
10/2/1988,3.5
10/3/1988,1.01
10/4/1988,0.39
10/5/1988,0.7
10/6/1988,0.82
10/7/1988,2.29
10/8/1988,2.31
10/9/1988,1.03
10/10/1988,1.11
10/11/1988,1.19
10/12/1988,1.57
10/13/1988,1.65
10/14/1988,1.15
10/15/1988,0.37
10/16/1988,1.52
10/17/1988,7
10/18/1988,6.72
10/19/1988,1.9
10/20/1988,0.37
10/21/1988,0.54
10/22/1988,1.48
10/23/1988,2.68
10/24/1988,0.49
10/25/1988,0.78
10/26/1988,0.78
10/27/1988,0.62
10/28/1988,0.87
10/29/1988,0.37
10/30/1988,2.64
10/31/1988,0.91
11/1/1988,0.29
11/2/1988,0.78
11/3/1988,1.85
11/4/1988,0.21
11/5/1988,0.16
11/6/1988,0.49
11/7/1988,0.37
11/8/1988,0.25
11/9/1988,0.54
11/10/1988,0.45
11/11/1988,0.66
11/12/1988,0.66
11/13/1988,1.65
11/14/1988,1.11
11/15/1988,1.03
11/16/1988,4.33
11/17/1988,5.01
11/18/1988,18.19
11/19/1988,14.75
11/20/1988,2.57
11/21/1988,1.57
11/22/1988,2.72
11/23/1988,1.11
11/24/1988,1.24
11/25/1988,0.33
11/26/1988,0.99
11/27/1988,3.63
11/28/1988,3.3
11/29/1988,1.19
11/30/1988,1.28
12/1/1988,1.28
12/2/1988,2.14
12/3/1988,0.54
12/4/1988,0.62
12/5/1988,0.45
12/6/1988,1.44
12/7/1988,3.05
12/8/1988,5.81
12/9/1988,2.16
12/10/1988,0.37
12/11/1988,1.96
12/12/1988,2.47
12/13/1988,0.41
12/14/1988,1.48
12/15/1988,1.19
12/16/1988,0.58
12/17/1988,0.12
12/18/1988,0
12/19/1988,1.36
12/20/1988,2.72
12/21/1988,1.07
12/22/1988,2.84
12/23/1988,0.54
12/24/1988,0.37
12/25/1988,0.74
12/26/1988,0.95
12/27/1988,1.32
12/28/1988,1.9
12/29/1988,5.69
12/30/1988,8.73
12/31/1988,2.51
1/1/1989,3.03
1/2/1989,2.06
1/3/1989,3.03
1/4/1989,4.24
1/5/1989,1.65
1/6/1989,1.24
1/7/1989,1.4
1/8/1989,0.45
1/9/1989,0.25
1/10/1989,5.23
1/11/1989,1.61
1/12/1989,0.58
1/13/1989,2.22
1/14/1989,1.73
1/15/1989,4.96
1/16/1989,4.86
1/17/1989,1.44
1/18/1989,0.66
1/19/1989,0.78
1/20/1989,1.87
1/21/1989,1.65
1/22/1989,1.57
1/23/1989,6.84
1/24/1989,2.31
1/25/1989,2.68
1/26/1989,1.98
1/27/1989,2.8
1/28/1989,5.23
1/29/1989,2.51
1/30/1989,2.14
1/31/1989,1.17
2/1/1989,0.16
2/2/1989,0.16
2/3/1989,1.4
2/4/1989,2.22
2/5/1989,2.06
2/6/1989,4.94
2/7/1989,5.31
2/8/1989,5.73
2/9/1989,3.87
2/10/1989,6.41
2/11/1989,3.21
2/12/1989,1.65
2/13/1989,3.05
2/14/1989,1.65
2/15/1989,1.94
2/16/1989,1.98
2/17/1989,4
2/18/1989,26.45
2/19/1989,16.05
2/20/1989,5.44
2/21/1989,4.61
2/22/1989,4.53
2/23/1989,5.19
2/24/1989,5.89
2/25/1989,0.58
2/26/1989,1.73
2/27/1989,2.1
2/28/1989,0.16
3/1/1989,0.45
3/2/1989,3.23
3/3/1989,1.98
3/4/1989,2.18
3/5/1989,1.65
3/6/1989,3.75
3/7/1989,1.61
3/8/1989,3.01
3/9/1989,3.91
3/10/1989,1.98
3/11/1989,2.18
3/12/1989,5.38
3/13/1989,4.78
3/14/1989,3.25
3/15/1989,1.48
3/16/1989,1.57
3/17/1989,2.22
3/18/1989,1.19
3/19/1989,3.01
3/20/1989,2.27
3/21/1989,3.93
3/22/1989,1.98
3/23/1989,5.93
3/24/1989,12.07
3/25/1989,9.35
3/26/1989,4.61
3/27/1989,2.43
3/28/1989,1.69
3/29/1989,1.17
3/30/1989,1.09
3/31/1989,1.4
4/1/1989,0.45
4/2/1989,5.6
4/3/1989,6.02
4/4/1989,2.93
4/5/1989,7.64
4/6/1989,1.85
4/7/1989,1.52
4/8/1989,5.15
4/9/1989,2.68
4/10/1989,1.69
4/11/1989,0.45
4/12/1989,0.41
4/13/1989,1.32
4/14/1989,1.73
4/15/1989,1.69
4/16/1989,3.3
4/17/1989,0.7
4/18/1989,0.21
4/19/1989,0.21
4/20/1989,0.29
4/21/1989,0.14
4/22/1989,0.21
4/23/1989,0.29
4/24/1989,0.16
4/25/1989,1.24
4/26/1989,1.32
4/27/1989,0.27
4/28/1989,0.82
4/29/1989,0.93
4/30/1989,1.94
5/1/1989,1.71
5/2/1989,3.07
5/3/1989,0.08
5/4/1989,0.64
5/5/1989,1.03
5/6/1989,0.12
5/7/1989,0.25
5/8/1989,0.39
5/9/1989,0.78
5/10/1989,0.04
5/11/1989,0
5/12/1989,0
5/13/1989,0.04
5/14/1989,0.12
5/15/1989,0.16
5/16/1989,0.33
5/17/1989,0.62
5/18/1989,0
5/19/1989,0
5/20/1989,0
5/21/1989,0
5/22/1989,0.14
5/23/1989,0.25
5/24/1989,0.1
5/25/1989,0
5/26/1989,0
5/27/1989,0
5/28/1989,0
5/29/1989,0.45
5/30/1989,0.02
5/31/1989,1.07
6/1/1989,2.18
6/2/1989,1.94
6/3/1989,0.33
6/4/1989,0.66
6/5/1989,2.47
6/6/1989,0.54
6/7/1989,0.37
6/8/1989,2.14
6/9/1989,1.07
6/10/1989,0.21
6/11/1989,0.12
6/12/1989,1.05
6/13/1989,1.65
6/14/1989,1.98
6/15/1989,0.41
6/16/1989,1.03
6/17/1989,0.29
6/18/1989,0.04
6/19/1989,0
6/20/1989,0
6/21/1989,0
6/22/1989,0
6/23/1989,0
6/24/1989,0.95
6/25/1989,0.16
6/26/1989,0.16
6/27/1989,0
6/28/1989,0
6/29/1989,0
6/30/1989,0
7/1/1989,0.12
7/2/1989,1.03
7/3/1989,2.68
7/4/1989,0.06
7/5/1989,0.12
7/6/1989,0.21
7/7/1989,0
7/8/1989,0.91
7/9/1989,0.21
7/10/1989,1.85
7/11/1989,1.26
7/12/1989,0.58
7/13/1989,1.32
7/14/1989,1.3
7/15/1989,1.75
7/16/1989,2.29
7/17/1989,0.21
7/18/1989,0
7/19/1989,0
7/20/1989,0.12
7/21/1989,0.08
7/22/1989,0.04
7/23/1989,0.82
7/24/1989,0
7/25/1989,0.04
7/26/1989,0.95
7/27/1989,0.54
7/28/1989,0.19
7/29/1989,0.41
7/30/1989,1.15
7/31/1989,0.04
8/1/1989,0.04
8/2/1989,0.14
8/3/1989,0
8/4/1989,0
8/5/1989,0
8/6/1989,0
8/7/1989,0
8/8/1989,0
8/9/1989,0.04
8/10/1989,1.07
8/11/1989,0.12
8/12/1989,0.16
8/13/1989,0.37
8/14/1989,0.87
8/15/1989,2.9
8/16/1989,10.92
8/17/1989,5.56
8/18/1989,7.17
8/19/1989,6.06
8/20/1989,1.94
8/21/1989,2.27
8/22/1989,1.4
8/23/1989,0.21
8/24/1989,0.37
8/25/1989,0
8/26/1989,0
8/27/1989,0
8/28/1989,0
8/29/1989,0.29
8/30/1989,0.82
8/31/1989,0.54
9/1/1989,3.5
9/2/1989,3.75
9/3/1989,1.94
9/4/1989,2.31
9/5/1989,4.16
9/6/1989,7.09
9/7/1989,14.13
9/8/1989,4.57
9/9/1989,1.98
9/10/1989,1.4
9/11/1989,1.9
9/12/1989,2.31
9/13/1989,4.37
9/14/1989,5.11
9/15/1989,3.83
9/16/1989,1.07
9/17/1989,1.11
9/18/1989,6.98
9/19/1989,8.9
9/20/1989,3.17
9/21/1989,2.18
9/22/1989,1.28
9/23/1989,0.91
9/24/1989,1.07
9/25/1989,0.58
9/26/1989,1.17
9/27/1989,4.99
9/28/1989,7.91
9/29/1989,9.19
9/30/1989,8.07
10/1/1989,0.74
10/2/1989,1.28
10/3/1989,1.94
10/4/1989,1.65
10/5/1989,1.81
10/6/1989,1.65
10/7/1989,1.85
10/8/1989,1.77
10/9/1989,2.47
10/10/1989,3.05
10/11/1989,3.42
10/12/1989,1.94
10/13/1989,2.1
10/14/1989,2.12
10/15/1989,2.31
10/16/1989,2.18
10/17/1989,3.46
10/18/1989,2.39
10/19/1989,1.57
10/20/1989,2.6
10/21/1989,2.76
10/22/1989,1.85
10/23/1989,0.49
10/24/1989,1.07
10/25/1989,0.99
10/26/1989,0.37
10/27/1989,1.73
10/28/1989,1.94
10/29/1989,1.57
10/30/1989,2.64
10/31/1989,1.9
11/1/1989,4.47
11/2/1989,2.8
11/3/1989,1.32
11/4/1989,1.83
11/5/1989,1.11
11/6/1989,0.99
11/7/1989,0.7
11/8/1989,0.82
11/9/1989,3.87
11/10/1989,3.21
11/11/1989,1.67
11/12/1989,2
11/13/1989,3.63
11/14/1989,4.57
11/15/1989,0.99
11/16/1989,0.54
11/17/1989,0.78
11/18/1989,3.96
11/19/1989,5.56
11/20/1989,0.78
11/21/1989,5.6
11/22/1989,0.45
11/23/1989,0.16
11/24/1989,1.07
11/25/1989,0.66
11/26/1989,8.12
11/27/1989,10.94
11/28/1989,1.57
11/29/1989,1.19
11/30/1989,1.65
12/1/1989,1.48
12/2/1989,1.28
12/3/1989,1.94
12/4/1989,1.07
12/5/1989,2.18
12/6/1989,0.66
12/7/1989,0.33
12/8/1989,0.99
12/9/1989,2.53
12/10/1989,3.75
12/11/1989,0.74
12/12/1989,3.54
12/13/1989,0.29
12/14/1989,0.04
12/15/1989,0.25
12/16/1989,0.91
12/17/1989,0.82
12/18/1989,0.58
12/19/1989,2.93
12/20/1989,1.61
12/21/1989,0.87
12/22/1989,0.62
12/23/1989,0.7
12/24/1989,2.8
12/25/1989,9.27
12/26/1989,2.27
12/27/1989,0.33
12/28/1989,0.16
12/29/1989,0.08
12/30/1989,0.21
12/31/1989,0.82
1/1/1990,0.04
1/2/1990,0.25
1/3/1990,0.21
1/4/1990,1.28
1/5/1990,4.2
1/6/1990,1.65
1/7/1990,1.03
1/8/1990,2.22
1/9/1990,3.54
1/10/1990,4.57
1/11/1990,1.11
1/12/1990,0.12
1/13/1990,0.66
1/14/1990,2.68
1/15/1990,3.23
1/16/1990,1.03
1/17/1990,0.21
1/18/1990,2.14
1/19/1990,1.4
1/20/1990,1.69
1/21/1990,0.78
1/22/1990,2.14
1/23/1990,5.05
1/24/1990,3.05
1/25/1990,2.22
1/26/1990,1.9
1/27/1990,4.7
1/28/1990,9.72
1/29/1990,10.86
1/30/1990,7.42
1/31/1990,3.96
2/1/1990,12.52
2/2/1990,5.27
2/3/1990,2.55
2/4/1990,3.54
2/5/1990,2.14
2/6/1990,2.72
2/7/1990,1.57
2/8/1990,5.19
2/9/1990,3.09
2/10/1990,0.62
2/11/1990,1.32
2/12/1990,1.77
2/13/1990,4.9
2/14/1990,5.46
2/15/1990,6.22
2/16/1990,3.46
2/17/1990,1.81
2/18/1990,0.87
2/19/1990,1.81
2/20/1990,2.22
2/21/1990,3.13
2/22/1990,10.51
2/23/1990,3.89
2/24/1990,2.16
2/25/1990,2.02
2/26/1990,0.87
2/27/1990,2.35
2/28/1990,9.97
3/1/1990,2.06
3/2/1990,5.01
3/3/1990,2.35
3/4/1990,2.06
3/5/1990,1.07
3/6/1990,0.54
3/7/1990,0.25
3/8/1990,2.43
3/9/1990,3.69
3/10/1990,4.16
3/11/1990,2.88
3/12/1990,0.37
3/13/1990,2.64
3/14/1990,1.3
3/15/1990,1.07
3/16/1990,4
3/17/1990,0.62
3/18/1990,1.57
3/19/1990,4.04
3/20/1990,2.37
3/21/1990,2.64
3/22/1990,4.94
3/23/1990,2.1
3/24/1990,0.58
3/25/1990,1.9
3/26/1990,0.58
3/27/1990,0.45
3/28/1990,0.91
3/29/1990,0.33
3/30/1990,0.45
3/31/1990,1.79
4/1/1990,1.65
4/2/1990,1.15
4/3/1990,1.71
4/4/1990,1.52
4/5/1990,6.55
4/6/1990,6.86
4/7/1990,3.17
4/8/1990,0.7
4/9/1990,0.25
4/10/1990,1.11
4/11/1990,0.08
4/12/1990,0.74
4/13/1990,1.44
4/14/1990,1.03
4/15/1990,0.45
4/16/1990,0.37
4/17/1990,0.25
4/18/1990,2.08
4/19/1990,2.06
4/20/1990,1.32
4/21/1990,2.31
4/22/1990,4.45
4/23/1990,0.33
4/24/1990,0
4/25/1990,0.78
4/26/1990,0.19
4/27/1990,0.12
4/28/1990,0.23
4/29/1990,0.33
4/30/1990,0.49
5/1/1990,0.41
5/2/1990,0.16
5/3/1990,2.22
5/4/1990,0.12
5/5/1990,0.29
5/6/1990,0.04
5/7/1990,0.06
5/8/1990,0.37
5/9/1990,0
5/10/1990,0
5/11/1990,0.04
5/12/1990,0.02
5/13/1990,0
5/14/1990,0.25
5/15/1990,0
5/16/1990,0
5/17/1990,0
5/18/1990,0.95
5/19/1990,0.82
5/20/1990,0.16
5/21/1990,0.41
5/22/1990,0.68
5/23/1990,2.22
5/24/1990,2.37
5/25/1990,0.66
5/26/1990,1.71
5/27/1990,0.08
5/28/1990,0.7
5/29/1990,0.27
5/30/1990,0.12
5/31/1990,1.24
6/1/1990,0.33
6/2/1990,0
6/3/1990,0
6/4/1990,0
6/5/1990,0.04
6/6/1990,0
6/7/1990,0
6/8/1990,0
6/9/1990,0
6/10/1990,0
6/11/1990,0
6/12/1990,0.49
6/13/1990,0.08
6/14/1990,0
6/15/1990,0.02
6/16/1990,1.48
6/17/1990,0.21
6/18/1990,0
6/19/1990,0
6/20/1990,0
6/21/1990,4.96
6/22/1990,4.7
6/23/1990,1.44
6/24/1990,4.33
6/25/1990,1.07
6/26/1990,1.44
6/27/1990,2.64
6/28/1990,2.22
6/29/1990,0.25
6/30/1990,0
7/1/1990,0.95
7/2/1990,1.15
7/3/1990,0.37
7/4/1990,1.24
7/5/1990,0.45
7/6/1990,0.91
7/7/1990,0.41
7/8/1990,0.45
7/9/1990,0.74
7/10/1990,0.08
7/11/1990,1.24
7/12/1990,1.65
7/13/1990,1.67
7/14/1990,2.43
7/15/1990,0.16
7/16/1990,0
7/17/1990,0
7/18/1990,0
7/19/1990,0.62
7/20/1990,1.15
7/21/1990,0.33
7/22/1990,0
7/23/1990,0
7/24/1990,0
7/25/1990,0.16
7/26/1990,0.31
7/27/1990,0.33
7/28/1990,0
7/29/1990,0
7/30/1990,0
7/31/1990,0
8/1/1990,0
8/2/1990,0.91
8/3/1990,2.76
8/4/1990,3.09
8/5/1990,5.07
8/6/1990,4.94
8/7/1990,4.82
8/8/1990,0.43
8/9/1990,0
8/10/1990,0
8/11/1990,0
8/12/1990,0
8/13/1990,0
8/14/1990,0.29
8/15/1990,0.74
8/16/1990,2.18
8/17/1990,0.7
8/18/1990,0
8/19/1990,0
8/20/1990,0
8/21/1990,0.33
8/22/1990,0.54
8/23/1990,0.21
8/24/1990,0.16
8/25/1990,0
8/26/1990,0
8/27/1990,0.08
8/28/1990,0.12
8/29/1990,0
8/30/1990,0
8/31/1990,0
9/1/1990,0
9/2/1990,0
9/3/1990,0
9/4/1990,0
9/5/1990,0.66
9/6/1990,1.07
9/7/1990,3.38
9/8/1990,3.67
9/9/1990,5.69
9/10/1990,4.78
9/11/1990,5.09
9/12/1990,2.88
9/13/1990,0.33
9/14/1990,1.19
9/15/1990,3.3
9/16/1990,2.31
9/17/1990,3.09
9/18/1990,1.61
9/19/1990,2.39
9/20/1990,1.77
9/21/1990,2.64
9/22/1990,2.43
9/23/1990,0.91
9/24/1990,1.24
9/25/1990,0.16
9/26/1990,0.91
9/27/1990,1.07
9/28/1990,0.41
9/29/1990,0
9/30/1990,1.4
10/1/1990,0.99
10/2/1990,0
10/3/1990,0
10/4/1990,0.16
10/5/1990,0.66
10/6/1990,1.19
10/7/1990,0.91
10/8/1990,1.15
10/9/1990,1.77
10/10/1990,1.85
10/11/1990,2.55
10/12/1990,1.4
10/13/1990,3.5
10/14/1990,5.4
10/15/1990,1.48
10/16/1990,2.18
10/17/1990,3.34
10/18/1990,3.17
10/19/1990,0.49
10/20/1990,2.47
10/21/1990,2.49
10/22/1990,0.95
10/23/1990,1.03
10/24/1990,1.57
10/25/1990,1.3
10/26/1990,2.27
10/27/1990,0.7
10/28/1990,2.31
10/29/1990,0.91
10/30/1990,0.54
10/31/1990,3.79
11/1/1990,2.8
11/2/1990,2.18
11/3/1990,1.44
11/4/1990,0.91
11/5/1990,1.73
11/6/1990,1.34
11/7/1990,0.29
11/8/1990,0.7
11/9/1990,1.15
11/10/1990,1.07
11/11/1990,1.07
11/12/1990,0.95
11/13/1990,0.62
11/14/1990,0.64
11/15/1990,1.5
11/16/1990,3.05
11/17/1990,3.96
11/18/1990,0.78
11/19/1990,1.07
11/20/1990,1.77
11/21/1990,0.45
11/22/1990,0.08
11/23/1990,8.45
11/24/1990,3.25
11/25/1990,0.25
11/26/1990,0.25
11/27/1990,0.66
11/28/1990,1.15
11/29/1990,0.74
11/30/1990,1.48
12/1/1990,0.87
12/2/1990,0.1
12/3/1990,0.33
12/4/1990,0.23
12/5/1990,0.16
12/6/1990,0.37
12/7/1990,0.29
12/8/1990,2.68
12/9/1990,2.62
12/10/1990,0.49
12/11/1990,2.97
12/12/1990,2.27
12/13/1990,9.35
12/14/1990,0.82
12/15/1990,0.37
12/16/1990,1.57
12/17/1990,1.65
12/18/1990,0.49
12/19/1990,0.7
12/20/1990,0.25
12/21/1990,0.04
12/22/1990,0.21
12/23/1990,5.69
12/24/1990,5.93
12/25/1990,5.93
12/26/1990,12.85
12/27/1990,4.04
12/28/1990,3.09
12/29/1990,0.29
12/30/1990,2.84
12/31/1990,5.6
1/1/1991,0.49
1/2/1991,0.95
1/3/1991,0.21
1/4/1991,0.95
1/5/1991,5.19
1/6/1991,0.62
1/7/1991,0.16
1/8/1991,2.02
1/9/1991,0.95
1/10/1991,2.1
1/11/1991,1.11
1/12/1991,1.24
1/13/1991,2.39
1/14/1991,2.51
1/15/1991,4.7
1/16/1991,1.36
1/17/1991,2.31
1/18/1991,1.07
1/19/1991,2.27
1/20/1991,1.28
1/21/1991,1.48
1/22/1991,2.35
1/23/1991,7.29
1/24/1991,0.91
1/25/1991,0.66
1/26/1991,4.74
1/27/1991,4.16
1/28/1991,4.08
1/29/1991,2.72
1/30/1991,4.37
1/31/1991,1.07
2/1/1991,0.74
2/2/1991,0.87
2/3/1991,1.03
2/4/1991,1.32
2/5/1991,1.11
2/6/1991,2.47
2/7/1991,9.13
2/8/1991,7.17
2/9/1991,2.8
2/10/1991,1.4
2/11/1991,1.83
2/12/1991,4.61
2/13/1991,2.31
2/14/1991,4.04
2/15/1991,2.82
2/16/1991,1.32
2/17/1991,1.69
2/18/1991,1.48
2/19/1991,1.98
2/20/1991,4.74
2/21/1991,2.6
2/22/1991,2.76
2/23/1991,2.14
2/24/1991,0.99
2/25/1991,2.51
2/26/1991,4.94
2/27/1991,3.38
2/28/1991,7.25
3/1/1991,8.01
3/2/1991,3.63
3/3/1991,1.28
3/4/1991,1.03
3/5/1991,0.54
3/6/1991,0.33
3/7/1991,0.45
3/8/1991,4.28
3/9/1991,2.02
3/10/1991,5.38
3/11/1991,2.12
3/12/1991,1.46
3/13/1991,1.07
3/14/1991,1.98
3/15/1991,0.33
3/16/1991,3.13
3/17/1991,2.47
3/18/1991,1.98
3/19/1991,2.31
3/20/1991,0.76
3/21/1991,7.23
3/22/1991,1.15
3/23/1991,2.68
3/24/1991,1.98
3/25/1991,0.99
3/26/1991,0.95
3/27/1991,0.95
3/28/1991,1.03
3/29/1991,0.87
3/30/1991,1.24
3/31/1991,1.9
4/1/1991,2.06
4/2/1991,2.64
4/3/1991,1.92
4/4/1991,1.15
4/5/1991,0.95
4/6/1991,0.39
4/7/1991,0.58
4/8/1991,0.91
4/9/1991,0.66
4/10/1991,0.58
4/11/1991,0.58
4/12/1991,0.45
4/13/1991,0.91
4/14/1991,0.33
4/15/1991,2.55
4/16/1991,0.41
4/17/1991,1.81
4/18/1991,1.03
4/19/1991,0.04
4/20/1991,0.39
4/21/1991,0.19
4/22/1991,0.68
4/23/1991,0.37
4/24/1991,0.62
4/25/1991,0.33
4/26/1991,0
4/27/1991,0.33
4/28/1991,0.82
4/29/1991,0.66
4/30/1991,0.58
5/1/1991,0.21
5/2/1991,0.78
5/3/1991,1.73
5/4/1991,2.55
5/5/1991,0.91
5/6/1991,0.66
5/7/1991,0.25
5/8/1991,0.91
5/9/1991,1.57
5/10/1991,0.49
5/11/1991,0.29
5/12/1991,0.33
5/13/1991,0.99
5/14/1991,0.12
5/15/1991,0.16
5/16/1991,0
5/17/1991,0
5/18/1991,0
5/19/1991,0.82
5/20/1991,0.25
5/21/1991,0.08
5/22/1991,0.04
5/23/1991,0
5/24/1991,0.12
5/25/1991,0.51
5/26/1991,1.28
5/27/1991,0.8
5/28/1991,2.06
5/29/1991,1.61
5/30/1991,1.73
5/31/1991,1.59
6/1/1991,1.11
6/2/1991,0.99
6/3/1991,0.21
6/4/1991,1.11
6/5/1991,0.58
6/6/1991,0.16
6/7/1991,0
6/8/1991,0
6/9/1991,0.19
6/10/1991,0.02
6/11/1991,0
6/12/1991,0.54
6/13/1991,0.97
6/14/1991,0.12
6/15/1991,1.77
6/16/1991,5.21
6/17/1991,2.97
6/18/1991,4.04
6/19/1991,4.16
6/20/1991,2.16
6/21/1991,1.24
6/22/1991,2
6/23/1991,3.4
6/24/1991,8.78
6/25/1991,3.01
6/26/1991,0.04
6/27/1991,0.62
6/28/1991,8.16
6/29/1991,3.54
6/30/1991,5.31
7/1/1991,1.3
7/2/1991,0.25
7/3/1991,1.19
7/4/1991,0.21
7/5/1991,0
7/6/1991,0
7/7/1991,0
7/8/1991,0
7/9/1991,0.66
7/10/1991,0.29
7/11/1991,0.04
7/12/1991,0.02
7/13/1991,0.08
7/14/1991,0.62
7/15/1991,0.78
7/16/1991,0.58
7/17/1991,0.04
7/18/1991,0.08
7/19/1991,0
7/20/1991,0.19
7/21/1991,0.45
7/22/1991,0.58
7/23/1991,0.66
7/24/1991,0.27
7/25/1991,0.02
7/26/1991,0
7/27/1991,0
7/28/1991,0
7/29/1991,0
7/30/1991,0
7/31/1991,0
8/1/1991,0
8/2/1991,0
8/3/1991,0
8/4/1991,0
8/5/1991,0
8/6/1991,0
8/7/1991,0
8/8/1991,0
8/9/1991,0.08
8/10/1991,0
8/11/1991,0
8/12/1991,0
8/13/1991,0
8/14/1991,0
8/15/1991,0
8/16/1991,0
8/17/1991,0
8/18/1991,0.12
8/19/1991,0.04
8/20/1991,0.45
8/21/1991,0.41
8/22/1991,0.29
8/23/1991,0
8/24/1991,0.08
8/25/1991,0
8/26/1991,0.12
8/27/1991,0.8
8/28/1991,3.67
8/29/1991,1.73
8/30/1991,0.12
8/31/1991,0.7
9/1/1991,2.72
9/2/1991,2.18
9/3/1991,3.69
9/4/1991,2.02
9/5/1991,11.95
9/6/1991,1.48
9/7/1991,1.05
9/8/1991,20.93
9/9/1991,6.72
9/10/1991,3.09
9/11/1991,2.02
9/12/1991,0.7
9/13/1991,0.1
9/14/1991,0.21
9/15/1991,0.16
9/16/1991,0.04
9/17/1991,1.48
9/18/1991,0.49
9/19/1991,2.31
9/20/1991,7.17
9/21/1991,4.2
9/22/1991,1.4
9/23/1991,1.34
9/24/1991,1.94
9/25/1991,1.69
9/26/1991,2.72
9/27/1991,1.05
9/28/1991,1.15
9/29/1991,0.33
9/30/1991,1.24
10/1/1991,0.62
10/2/1991,3.5
10/3/1991,1.19
10/4/1991,1.57
10/5/1991,2.14
10/6/1991,1.24
10/7/1991,0.64
10/8/1991,1.98
10/9/1991,1.48
10/10/1991,1.94
10/11/1991,2.35
10/12/1991,2.22
10/13/1991,2.18
10/14/1991,2.31
10/15/1991,0.04
10/16/1991,1.32
10/17/1991,3.13
10/18/1991,5.93
10/19/1991,2.6
10/20/1991,0.62
10/21/1991,3.67
10/22/1991,1.22
10/23/1991,0.97
10/24/1991,1.36
10/25/1991,1.81
10/26/1991,2.47
10/27/1991,3.46
10/28/1991,0.89
10/29/1991,0.45
10/30/1991,1.24
10/31/1991,0.54
11/1/1991,1.44
11/2/1991,0.54
11/3/1991,1.28
11/4/1991,1.19
11/5/1991,1.32
11/6/1991,2.06
11/7/1991,3.54
11/8/1991,1.15
11/9/1991,0.99
11/10/1991,0.49
11/11/1991,4.37
11/12/1991,14.09
11/13/1991,21.01
11/14/1991,0.54
11/15/1991,4.84
11/16/1991,3.96
11/17/1991,7.52
11/18/1991,14.01
11/19/1991,10.42
11/20/1991,0.66
11/21/1991,6.63
11/22/1991,10.51
11/23/1991,8.8
11/24/1991,3.46
11/25/1991,1.85
11/26/1991,1.61
11/27/1991,4.78
11/28/1991,0.76
11/29/1991,1.24
11/30/1991,0.62
12/1/1991,1.19
12/2/1991,0.45
12/3/1991,0.87
12/4/1991,4.74
12/5/1991,0.82
12/6/1991,0.66
12/7/1991,0.12
12/8/1991,2.55
12/9/1991,0.82
12/10/1991,2.76
12/11/1991,9.31
12/12/1991,1.11
12/13/1991,13.64
12/14/1991,30.9
12/15/1991,24.6
12/16/1991,2.6
12/17/1991,5.77
12/18/1991,0.29
12/19/1991,2.47
12/20/1991,0.99
12/21/1991,0.78
12/22/1991,1.9
12/23/1991,1.81
12/24/1991,1.85
12/25/1991,0.08
12/26/1991,1.65
12/27/1991,0.87
12/28/1991,1.24
12/29/1991,2.64
12/30/1991,0.95
12/31/1991,0.37
1/1/1992,0.33
1/2/1992,0.1
1/3/1992,3.77
1/4/1992,0.91
1/5/1992,0.66
1/6/1992,1.61
1/7/1992,0.41
1/8/1992,2.39
1/9/1992,3.54
1/10/1992,0.16
1/11/1992,0.16
1/12/1992,2.1
1/13/1992,2.18
1/14/1992,1.24
1/15/1992,0.7
1/16/1992,0.33
1/17/1992,1.03
1/18/1992,0.33
1/19/1992,0.93
1/20/1992,1.73
1/21/1992,0.99
1/22/1992,1.83
1/23/1992,7.66
1/24/1992,4.1
1/25/1992,1.98
1/26/1992,1.24
1/27/1992,0.54
1/28/1992,0.62
1/29/1992,3.21
1/30/1992,18.42
1/31/1992,13.31
2/1/1992,20.93
2/2/1992,11
2/3/1992,15.33
2/4/1992,3.32
2/5/1992,4.02
2/6/1992,2.22
2/7/1992,2.31
2/8/1992,2.22
2/9/1992,1.36
2/10/1992,4.16
2/11/1992,3.63
2/12/1992,6.06
2/13/1992,9.37
2/14/1992,6.1
2/15/1992,5.23
2/16/1992,1.94
2/17/1992,1.17
2/18/1992,2
2/19/1992,1.17
2/20/1992,1.07
2/21/1992,0.16
2/22/1992,0.62
2/23/1992,3.07
2/24/1992,2.6
2/25/1992,4.28
2/26/1992,4.53
2/27/1992,1.73
2/28/1992,1.32
2/29/1992,0.25
3/1/1992,2.76
3/2/1992,5.85
3/3/1992,10.13
3/4/1992,1.92
3/5/1992,0.93
3/6/1992,0.91
3/7/1992,0.99
3/8/1992,2.06
3/9/1992,9.68
3/10/1992,5.85
3/11/1992,0.45
3/12/1992,1.94
3/13/1992,1.57
3/14/1992,0.91
3/15/1992,1.17
3/16/1992,1.11
3/17/1992,0.54
3/18/1992,1.52
3/19/1992,6.1
3/20/1992,4.78
3/21/1992,3.96
3/22/1992,4.04
3/23/1992,0.87
3/24/1992,0.37
3/25/1992,0.14
3/26/1992,0.37
3/27/1992,3.3
3/28/1992,1.28
3/29/1992,0.21
3/30/1992,0.58
3/31/1992,1.57
4/1/1992,0.25
4/2/1992,0.12
4/3/1992,0.16
4/4/1992,0.6
4/5/1992,0.37
4/6/1992,0.25
4/7/1992,0.66
4/8/1992,0.58
4/9/1992,6.14
4/10/1992,0.87
4/11/1992,0.62
4/12/1992,1.92
4/13/1992,0.97
4/14/1992,0.78
4/15/1992,0.1
4/16/1992,0.99
4/17/1992,1.07
4/18/1992,0.33
4/19/1992,0.16
4/20/1992,0.02
4/21/1992,0
4/22/1992,0.72
4/23/1992,1.85
4/24/1992,6.14
4/25/1992,4.12
4/26/1992,14.5
4/27/1992,8.4
4/28/1992,4.28
4/29/1992,1.65
4/30/1992,2.14
5/1/1992,2.66
5/2/1992,3.56
5/3/1992,6.82
5/4/1992,4.33
5/5/1992,2.74
5/6/1992,2.84
5/7/1992,2.72
5/8/1992,2.84
5/9/1992,3.36
5/10/1992,3.28
5/11/1992,2.22
5/12/1992,2.97
5/13/1992,1.67
5/14/1992,1.48
5/15/1992,1.15
5/16/1992,0.12
5/17/1992,0.08
5/18/1992,0.08
5/19/1992,0
5/20/1992,0
5/21/1992,0.1
5/22/1992,0.19
5/23/1992,0.47
5/24/1992,0.06
5/25/1992,0.04
5/26/1992,0
5/27/1992,0
5/28/1992,0.33
5/29/1992,0.7
5/30/1992,0.16
5/31/1992,0.08
6/1/1992,1.19
6/2/1992,2.8
6/3/1992,0.58
6/4/1992,2.06
6/5/1992,4.12
6/6/1992,2.35
6/7/1992,2.22
6/8/1992,4.33
6/9/1992,3.87
6/10/1992,1.57
6/11/1992,0.25
6/12/1992,0.41
6/13/1992,1.32
6/14/1992,0.6
6/15/1992,0.02
6/16/1992,0.08
6/17/1992,0.12
6/18/1992,0.31
6/19/1992,0.37
6/20/1992,0.37
6/21/1992,0
6/22/1992,0
6/23/1992,0
6/24/1992,0.21
6/25/1992,0.95
6/26/1992,1.11
6/27/1992,2.2
6/28/1992,1.75
6/29/1992,1.77
6/30/1992,0.43
7/1/1992,0.06
7/2/1992,0.16
7/3/1992,0.08
7/4/1992,0.16
7/5/1992,0.06
7/6/1992,0
7/7/1992,0.91
7/8/1992,1.11
7/9/1992,0
7/10/1992,0.08
7/11/1992,0.02
7/12/1992,0
7/13/1992,0.1
7/14/1992,0.43
7/15/1992,0
7/16/1992,0
7/17/1992,0.49
7/18/1992,0.99
7/19/1992,0.12
7/20/1992,0
7/21/1992,0
7/22/1992,0
7/23/1992,0
7/24/1992,0
7/25/1992,0
7/26/1992,0.12
7/27/1992,0.62
7/28/1992,2.93
7/29/1992,3.07
7/30/1992,2.82
7/31/1992,0.91
8/1/1992,1.48
8/2/1992,0.54
8/3/1992,7.83
8/4/1992,11.87
8/5/1992,7.87
8/6/1992,9.06
8/7/1992,7.46
8/8/1992,7.83
8/9/1992,0.99
8/10/1992,0
8/11/1992,0.6
8/12/1992,2
8/13/1992,0.27
8/14/1992,1.32
8/15/1992,0.74
8/16/1992,0.62
8/17/1992,2.51
8/18/1992,2.72
8/19/1992,10.71
8/20/1992,8.07
8/21/1992,6.22
8/22/1992,7.25
8/23/1992,3.3
8/24/1992,3.17
8/25/1992,3.23
8/26/1992,3.85
8/27/1992,5.36
8/28/1992,6.55
8/29/1992,4.45
8/30/1992,1.48
8/31/1992,3.17
9/1/1992,21.67
9/2/1992,3.54
9/3/1992,0.66
9/4/1992,0
9/5/1992,0.16
9/6/1992,1.03
9/7/1992,4.33
9/8/1992,6.22
9/9/1992,1.85
9/10/1992,0.49
9/11/1992,0.58
9/12/1992,0.12
9/13/1992,0.16
9/14/1992,0.54
9/15/1992,0.66
9/16/1992,1.52
9/17/1992,1.05
9/18/1992,0.45
9/19/1992,1.85
9/20/1992,2.06
9/21/1992,0.87
9/22/1992,2.97
9/23/1992,2.35
9/24/1992,1.36
9/25/1992,1.9
9/26/1992,1.65
9/27/1992,2.35
9/28/1992,2.43
9/29/1992,2.08
9/30/1992,0.87
10/1/1992,0.66
10/2/1992,1.44
10/3/1992,1.73
10/4/1992,1.15
10/5/1992,2.35
10/6/1992,1.69
10/7/1992,5.27
10/8/1992,0.45
10/9/1992,0.25
10/10/1992,0.29
10/11/1992,0.82
10/12/1992,1.94
10/13/1992,1.73
10/14/1992,4.94
10/15/1992,2.06
10/16/1992,8.32
10/17/1992,11.33
10/18/1992,1.28
10/19/1992,0.82
10/20/1992,3.63
10/21/1992,4.99
10/22/1992,0.87
10/23/1992,1.98
10/24/1992,0.62
10/25/1992,0.12
10/26/1992,0.12
10/27/1992,1.57
10/28/1992,0.41
10/29/1992,1.03
10/30/1992,2.22
10/31/1992,1.61
11/1/1992,0.74
11/2/1992,0.37
11/3/1992,0.25
11/4/1992,7.46
11/5/1992,2.14
11/6/1992,0.97
11/7/1992,0.51
11/8/1992,0.08
11/9/1992,15.14
11/10/1992,0.7
11/11/1992,0.14
11/12/1992,0.99
11/13/1992,2.7
11/14/1992,1.67
11/15/1992,0.89
11/16/1992,0
11/17/1992,0.27
11/18/1992,3.3
11/19/1992,8.49
11/20/1992,4.16
11/21/1992,0.21
11/22/1992,1.96
11/23/1992,0.7
11/24/1992,4.06
11/25/1992,1.17
11/26/1992,4.96
11/27/1992,7.97
11/28/1992,0.87
11/29/1992,0.21
11/30/1992,0.91
12/1/1992,0
12/2/1992,0.08
12/3/1992,0.49
12/4/1992,0.99
12/5/1992,1.15
12/6/1992,0.04
12/7/1992,0.54
12/8/1992,1.85
12/9/1992,7.95
12/10/1992,1.52
12/11/1992,1.03
12/12/1992,1.07
12/13/1992,0.49
12/14/1992,2.97
12/15/1992,1.03
12/16/1992,0.21
12/17/1992,0.33
12/18/1992,0.58
12/19/1992,1.85
12/20/1992,0.87
12/21/1992,0.78
12/22/1992,1.61
12/23/1992,1.19
12/24/1992,3.63
12/25/1992,1.44
12/26/1992,1.73
12/27/1992,1.15
12/28/1992,13.18
12/29/1992,9.02
12/30/1992,6.26
12/31/1992,1.9
1/1/1993,1.09
1/2/1993,0.54
1/3/1993,0.21
1/4/1993,2.1
1/5/1993,8.38
1/6/1993,1.15
1/7/1993,1.54
1/8/1993,3.42
1/9/1993,3.69
1/10/1993,4.99
1/11/1993,4.99
1/12/1993,5.27
1/13/1993,5.07
1/14/1993,1.77
1/15/1993,4.8
1/16/1993,3.46
1/17/1993,15.04
1/18/1993,9.06
1/19/1993,2.8
1/20/1993,2.39
1/21/1993,5.09
1/22/1993,2.1
1/23/1993,1.24
1/24/1993,2.76
1/25/1993,3.38
1/26/1993,1.73
1/27/1993,1.54
1/28/1993,2.22
1/29/1993,2.1
1/30/1993,3.38
1/31/1993,11.7
2/1/1993,10.34
2/2/1993,5.11
2/3/1993,0.58
2/4/1993,0.62
2/5/1993,0.99
2/6/1993,1.65
2/7/1993,6.76
2/8/1993,3.67
2/9/1993,23.98
2/10/1993,9.48
2/11/1993,9.72
2/12/1993,5.36
2/13/1993,4.9
2/14/1993,7.54
2/15/1993,5.52
2/16/1993,8.2
2/17/1993,4.45
2/18/1993,0.99
2/19/1993,1.81
2/20/1993,2.27
2/21/1993,5.64
2/22/1993,6.22
2/23/1993,5.93
2/24/1993,5.73
2/25/1993,1.36
2/26/1993,1.19
2/27/1993,2.22
2/28/1993,7.13
3/1/1993,2.9
3/2/1993,1.77
3/3/1993,0.33
3/4/1993,0.16
3/5/1993,0.23
3/6/1993,1.24
3/7/1993,0.66
3/8/1993,0.74
3/9/1993,0.45
3/10/1993,4.16
3/11/1993,2.7
3/12/1993,3.21
3/13/1993,1.81
3/14/1993,0.62
3/15/1993,2.6
3/16/1993,1.44
3/17/1993,0.43
3/18/1993,0.31
3/19/1993,1.24
3/20/1993,1.94
3/21/1993,2.18
3/22/1993,3.13
3/23/1993,0.99
3/24/1993,3.3
3/25/1993,16.07
3/26/1993,8.16
3/27/1993,2.84
3/28/1993,0.74
3/29/1993,1.28
3/30/1993,0.12
3/31/1993,0.64
4/1/1993,0.95
4/2/1993,0.78
4/3/1993,0.66
4/4/1993,0.74
4/5/1993,0.91
4/6/1993,1.03
4/7/1993,0.82
4/8/1993,0.37
4/9/1993,1.61
4/10/1993,2.55
4/11/1993,5.6
4/12/1993,1.94
4/13/1993,0.72
4/14/1993,0.16
4/15/1993,0.12
4/16/1993,0.23
4/17/1993,0.82
4/18/1993,0.49
4/19/1993,3.63
4/20/1993,0.58
4/21/1993,0.82
4/22/1993,0.33
4/23/1993,0.04
4/24/1993,0
4/25/1993,0.04
4/26/1993,0.21
4/27/1993,0.54
4/28/1993,0.58
4/29/1993,0.16
4/30/1993,0.16
5/1/1993,0.37
5/2/1993,0.29
5/3/1993,0.08
5/4/1993,0.08
5/5/1993,0.06
5/6/1993,0.08
5/7/1993,0.16
5/8/1993,0.29
5/9/1993,1.52
5/10/1993,2.84
5/11/1993,0.87
5/12/1993,0.16
5/13/1993,0.25
5/14/1993,0.82
5/15/1993,0.08
5/16/1993,0
5/17/1993,0.1
5/18/1993,0
5/19/1993,0.04
5/20/1993,0
5/21/1993,0.37
5/22/1993,0.62
5/23/1993,1.26
5/24/1993,2.45
5/25/1993,1.36
5/26/1993,0.74
5/27/1993,2.02
5/28/1993,3.71
5/29/1993,6.34
5/30/1993,2.72
5/31/1993,1.11
6/1/1993,1.24
6/2/1993,0.08
6/3/1993,0.08
6/4/1993,0.62
6/5/1993,0.23
6/6/1993,0.12
6/7/1993,0.12
6/8/1993,1.57
6/9/1993,7.58
6/10/1993,1.22
6/11/1993,0.91
6/12/1993,0.66
6/13/1993,0.45
6/14/1993,0.1
6/15/1993,0
6/16/1993,0
6/17/1993,0.21
6/18/1993,0.49
6/19/1993,0.14
6/20/1993,0.02
6/21/1993,0
6/22/1993,0
6/23/1993,0.02
6/24/1993,0.87
6/25/1993,2.35
6/26/1993,4
6/27/1993,0.21
6/28/1993,0
6/29/1993,0
6/30/1993,0.45
7/1/1993,2.76
7/2/1993,0.82
7/3/1993,0.64
7/4/1993,0.49
7/5/1993,0.33
7/6/1993,1.81
7/7/1993,3.58
7/8/1993,3.75
7/9/1993,5.23
7/10/1993,0.56
7/11/1993,0.12
7/12/1993,0.91
7/13/1993,1.03
7/14/1993,0.45
7/15/1993,0.6
7/16/1993,1.42
7/17/1993,0.14
7/18/1993,0
7/19/1993,0
7/20/1993,0
7/21/1993,0
7/22/1993,0.04
7/23/1993,0
7/24/1993,0
7/25/1993,0
7/26/1993,0
7/27/1993,0.16
7/28/1993,0.21
7/29/1993,0.29
7/30/1993,0.39
7/31/1993,1.32
8/1/1993,2.51
8/2/1993,0.25
8/3/1993,0.23
8/4/1993,2.51
8/5/1993,1.28
8/6/1993,0.87
8/7/1993,0.91
8/8/1993,0.7
8/9/1993,0.74
8/10/1993,1.03
8/11/1993,1.28
8/12/1993,0.62
8/13/1993,3.89
8/14/1993,2.64
8/15/1993,0.37
8/16/1993,0
8/17/1993,0
8/18/1993,0
8/19/1993,0
8/20/1993,0
8/21/1993,0
8/22/1993,0
8/23/1993,0
8/24/1993,0
8/25/1993,0
8/26/1993,0
8/27/1993,0
8/28/1993,0
8/29/1993,0.33
8/30/1993,2.55
8/31/1993,5.13
9/1/1993,3.58
9/2/1993,1.98
9/3/1993,15.45
9/4/1993,8.65
9/5/1993,5.21
9/6/1993,4.99
9/7/1993,5.31
9/8/1993,4.57
9/9/1993,2.76
9/10/1993,2.88
9/11/1993,2.51
9/12/1993,1.57
9/13/1993,3.54
9/14/1993,2.93
9/15/1993,4.49
9/16/1993,4.04
9/17/1993,2.31
9/18/1993,0.33
9/19/1993,1.32
9/20/1993,0.99
9/21/1993,2.51
9/22/1993,1.28
9/23/1993,2.22
9/24/1993,1.81
9/25/1993,1.36
9/26/1993,5.31
9/27/1993,7.17
9/28/1993,6.67
9/29/1993,10.01
9/30/1993,6.3
10/1/1993,2.39
10/2/1993,0.66
10/3/1993,1.65
10/4/1993,3.38
10/5/1993,2.68
10/6/1993,4.24
10/7/1993,5.27
10/8/1993,1.32
10/9/1993,1.77
10/10/1993,2.72
10/11/1993,2.31
10/12/1993,1.03
10/13/1993,3.67
10/14/1993,0.62
10/15/1993,0.62
10/16/1993,1.98
10/17/1993,1.96
10/18/1993,2.43
10/19/1993,0.62
10/20/1993,1.32
10/21/1993,2.39
10/22/1993,0.99
10/23/1993,6.55
10/24/1993,3.25
10/25/1993,4.53
10/26/1993,2.95
10/27/1993,2.22
10/28/1993,2.08
10/29/1993,0.19
10/30/1993,1.26
10/31/1993,1.11
11/1/1993,0.74
11/2/1993,0.6
11/3/1993,0.7
11/4/1993,2
11/5/1993,5.54
11/6/1993,1.28
11/7/1993,0.33
11/8/1993,0.54
11/9/1993,0.58
11/10/1993,0.95
11/11/1993,3.73
11/12/1993,0.62
11/13/1993,1.57
11/14/1993,3.34
11/15/1993,3.09
11/16/1993,2.27
11/17/1993,0.45
11/18/1993,0.91
11/19/1993,0.33
11/20/1993,5.73
11/21/1993,4.84
11/22/1993,3.23
11/23/1993,0.8
11/24/1993,0.74
11/25/1993,2.6
11/26/1993,1.81
11/27/1993,2.43
11/28/1993,0.29
11/29/1993,0.04
11/30/1993,0.58
12/1/1993,7.04
12/2/1993,3.85
12/3/1993,1.9
12/4/1993,1.52
12/5/1993,0.33
12/6/1993,7.46
12/7/1993,2.35
12/8/1993,3.54
12/9/1993,0.95
12/10/1993,0.33
12/11/1993,1.24
12/12/1993,0.04
12/13/1993,0.08
12/14/1993,0.33
12/15/1993,0.16
12/16/1993,0
12/17/1993,0
12/18/1993,0.16
12/19/1993,0.27
12/20/1993,1.48
12/21/1993,1.07
12/22/1993,0.41
12/23/1993,3.21
12/24/1993,2.84
12/25/1993,0.99
12/26/1993,0.29
12/27/1993,1.98
12/28/1993,1.15
12/29/1993,0.21
12/30/1993,0.45
12/31/1993,0.16
1/1/1994,0.74
1/2/1994,9.81
1/3/1994,1.24
1/4/1994,1.15
1/5/1994,5.64
1/6/1994,0.29
1/7/1994,1.32
1/8/1994,0.95
1/9/1994,0.04
1/10/1994,0.16
1/11/1994,1.48
1/12/1994,3.38
1/13/1994,0.99
1/14/1994,0.33
1/15/1994,0.82
1/16/1994,0.91
1/17/1994,0.66
1/18/1994,1.65
1/19/1994,0.7
1/20/1994,1.59
1/21/1994,0.51
1/22/1994,1.48
1/23/1994,1.85
1/24/1994,1.36
1/25/1994,1.38
1/26/1994,0.82
1/27/1994,1.73
1/28/1994,1.03
1/29/1994,2.18
1/30/1994,4.37
1/31/1994,4.41
2/1/1994,1.81
2/2/1994,0.66
2/3/1994,0.41
2/4/1994,0.82
2/5/1994,7.42
2/6/1994,10.51
2/7/1994,7.99
2/8/1994,4.57
2/9/1994,1.69
2/10/1994,0.29
2/11/1994,0.82
2/12/1994,0.82
2/13/1994,0.99
2/14/1994,0.41
2/15/1994,0.54
2/16/1994,0.54
2/17/1994,2.8
2/18/1994,3.13
2/19/1994,1.81
2/20/1994,0.95
2/21/1994,1.44
2/22/1994,0.54
2/23/1994,1.65
2/24/1994,18.5
2/25/1994,14.91
2/26/1994,5.03
2/27/1994,0.91
2/28/1994,0.62
3/1/1994,0.62
3/2/1994,0.7
3/3/1994,2.02
3/4/1994,7.58
3/5/1994,2.74
3/6/1994,2.68
3/7/1994,4.78
3/8/1994,8.28
3/9/1994,13.35
3/10/1994,5.69
3/11/1994,2.1
3/12/1994,2.39
3/13/1994,2.84
3/14/1994,1.4
3/15/1994,0.58
3/16/1994,0.54
3/17/1994,0.74
3/18/1994,4.28
3/19/1994,1.24
3/20/1994,0.82
3/21/1994,2.47
3/22/1994,3.83
3/23/1994,2.64
3/24/1994,3.21
3/25/1994,2.31
3/26/1994,1.81
3/27/1994,3.63
3/28/1994,2.35
3/29/1994,0.54
3/30/1994,0.91
3/31/1994,0.82
4/1/1994,0.72
4/2/1994,0.87
4/3/1994,0.82
4/4/1994,3.17
4/5/1994,0.33
4/6/1994,0.47
4/7/1994,0.68
4/8/1994,0.58
4/9/1994,0.33
4/10/1994,0.08
4/11/1994,1.4
4/12/1994,0.04
4/13/1994,0.16
4/14/1994,0.16
4/15/1994,0.04
4/16/1994,0.7
4/17/1994,0
4/18/1994,0.82
4/19/1994,0.99
4/20/1994,0.74
4/21/1994,0.49
4/22/1994,0.91
4/23/1994,0.82
4/24/1994,0.99
4/25/1994,1.48
4/26/1994,3.79
4/27/1994,1.69
4/28/1994,0.6
4/29/1994,0.41
4/30/1994,0.49
5/1/1994,0.25
5/2/1994,0.19
5/3/1994,0
5/4/1994,0
5/5/1994,0
5/6/1994,0.7
5/7/1994,0.21
5/8/1994,0.41
5/9/1994,2.27
5/10/1994,3.38
5/11/1994,2.22
5/12/1994,2.84
5/13/1994,0.08
5/14/1994,0.06
5/15/1994,0.51
5/16/1994,2.14
5/17/1994,2.27
5/18/1994,1.94
5/19/1994,1.67
5/20/1994,1.4
5/21/1994,0.25
5/22/1994,0.08
5/23/1994,0
5/24/1994,0.49
5/25/1994,0.41
5/26/1994,0
5/27/1994,0.08
5/28/1994,0.08
5/29/1994,2.14
5/30/1994,2.22
5/31/1994,5.97
6/1/1994,10.67
6/2/1994,3.67
6/3/1994,2.97
6/4/1994,1.9
6/5/1994,2.55
6/6/1994,0.74
6/7/1994,0.49
6/8/1994,0.08
6/9/1994,0.04
6/10/1994,0.16
6/11/1994,2.35
6/12/1994,2
6/13/1994,2.18
6/14/1994,0.89
6/15/1994,2.02
6/16/1994,0.54
6/17/1994,1.48
6/18/1994,2.84
6/19/1994,0.04
6/20/1994,0.12
6/21/1994,0.45
6/22/1994,0.08
6/23/1994,0
6/24/1994,0
6/25/1994,0
6/26/1994,0
6/27/1994,0
6/28/1994,0.08
6/29/1994,1.52
6/30/1994,0.27
7/1/1994,0
7/2/1994,0.45
7/3/1994,0.16
7/4/1994,0.02
7/5/1994,0.49
7/6/1994,0.43
7/7/1994,0.25
7/8/1994,1.32
7/9/1994,0.23
7/10/1994,1.03
7/11/1994,0.68
7/12/1994,1.19
7/13/1994,1.11
7/14/1994,0.33
7/15/1994,1.15
7/16/1994,1.65
7/17/1994,2.22
7/18/1994,0.6
7/19/1994,0.08
7/20/1994,0
7/21/1994,0
7/22/1994,0
7/23/1994,0
7/24/1994,0
7/25/1994,0
7/26/1994,0.02
7/27/1994,1.65
7/28/1994,3.38
7/29/1994,3.42
7/30/1994,5.19
7/31/1994,7.42
8/1/1994,4.41
8/2/1994,1.85
8/3/1994,2.47
8/4/1994,0.95
8/5/1994,2.31
8/6/1994,1.26
8/7/1994,0.21
8/8/1994,1.61
8/9/1994,5.44
8/10/1994,2.22
8/11/1994,1.15
8/12/1994,0.33
8/13/1994,0.54
8/14/1994,0.66
8/15/1994,5.23
8/16/1994,6.1
8/17/1994,3.17
8/18/1994,0.49
8/19/1994,0
8/20/1994,0.04
8/21/1994,0.04
8/22/1994,0.12
8/23/1994,0
8/24/1994,0
8/25/1994,0
8/26/1994,0
8/27/1994,0
8/28/1994,0
8/29/1994,0
8/30/1994,0
8/31/1994,0
9/1/1994,0
9/2/1994,0.37
9/3/1994,0.64
9/4/1994,0.12
9/5/1994,0.08
9/6/1994,0.58
9/7/1994,1.57
9/8/1994,3.09
9/9/1994,0.29
9/10/1994,1.85
9/11/1994,3.96
9/12/1994,3.09
9/13/1994,1.73
9/14/1994,2.14
9/15/1994,1.94
9/16/1994,1.9
9/17/1994,3.42
9/18/1994,2.47
9/19/1994,3.63
9/20/1994,4.28
9/21/1994,1.9
9/22/1994,4.41
9/23/1994,2.93
9/24/1994,2.31
9/25/1994,4.06
9/26/1994,6.3
9/27/1994,14.91
9/28/1994,3.05
9/29/1994,2.22
9/30/1994,1.28
10/1/1994,1.59
10/2/1994,1.61
10/3/1994,1.19
10/4/1994,0.91
10/5/1994,2.6
10/6/1994,1.94
10/7/1994,2.1
10/8/1994,2.84
10/9/1994,1.73
10/10/1994,2.1
10/11/1994,1.57
10/12/1994,0.66
10/13/1994,0.91
10/14/1994,0.54
10/15/1994,1.11
10/16/1994,1.57
10/17/1994,0.66
10/18/1994,1.19
10/19/1994,1.44
10/20/1994,0.82
10/21/1994,2.14
10/22/1994,4.33
10/23/1994,5.17
10/24/1994,6.43
10/25/1994,5.42
10/26/1994,1.4
10/27/1994,11.72
10/28/1994,1.52
10/29/1994,2.45
10/30/1994,2.47
10/31/1994,0.33
11/1/1994,0.41
11/2/1994,1.11
11/3/1994,0.89
11/4/1994,0.58
11/5/1994,0.78
11/6/1994,0.49
11/7/1994,0.62
11/8/1994,0.49
11/9/1994,1.5
11/10/1994,0.39
11/11/1994,0.89
11/12/1994,1.67
11/13/1994,2.43
11/14/1994,1.24
11/15/1994,0.78
11/16/1994,0.58
11/17/1994,0.56
11/18/1994,0.25
11/19/1994,0.66
11/20/1994,0.99
11/21/1994,1.94
11/22/1994,1.73
11/23/1994,1.32
11/24/1994,0.29
11/25/1994,0.62
11/26/1994,1.42
11/27/1994,3.79
11/28/1994,2.88
11/29/1994,1.11
11/30/1994,0.91
12/1/1994,1.4
12/2/1994,0.49
12/3/1994,0.56
12/4/1994,1.52
12/5/1994,1.44
12/6/1994,0.95
12/7/1994,0.82
12/8/1994,0.45
12/9/1994,5.38
12/10/1994,0.21
12/11/1994,0.62
12/12/1994,1.28
12/13/1994,0.37
12/14/1994,1.69
12/15/1994,8.2
12/16/1994,2.35
12/17/1994,0.33
12/18/1994,0.74
12/19/1994,0.37
12/20/1994,0.78
12/21/1994,1.24
12/22/1994,0.62
12/23/1994,1.9
12/24/1994,4.66
12/25/1994,4.61
12/26/1994,0.74
12/27/1994,1.36
12/28/1994,3.67
12/29/1994,2.64
12/30/1994,0.54
12/31/1994,1.03
1/1/1995,8.96
1/2/1995,9.37
1/3/1995,7.42
1/4/1995,10.05
1/5/1995,1.94
1/6/1995,7.5
1/7/1995,3.01
1/8/1995,0.95
1/9/1995,1.57
1/10/1995,1.19
1/11/1995,2.18
1/12/1995,0.49
1/13/1995,2.68
1/14/1995,1.59
1/15/1995,0.21
1/16/1995,0.12
1/17/1995,0.16
1/18/1995,1.11
1/19/1995,0.78
1/20/1995,0.29
1/21/1995,0.66
1/22/1995,3.3
1/23/1995,0.78
1/24/1995,1.15
1/25/1995,0.74
1/26/1995,2.02
1/27/1995,2.14
1/28/1995,2.27
1/29/1995,1.52
1/30/1995,1.52
1/31/1995,3.71
2/1/1995,20.85
2/2/1995,12.07
2/3/1995,3.01
2/4/1995,0.54
2/5/1995,0.29
2/6/1995,2.22
2/7/1995,1.85
2/8/1995,0.45
2/9/1995,1.32
2/10/1995,4.66
2/11/1995,9.48
2/12/1995,3.71
2/13/1995,2.68
2/14/1995,3.5
2/15/1995,0.91
2/16/1995,0.54
2/17/1995,0.87
2/18/1995,3.46
2/19/1995,5.15
2/20/1995,6.92
2/21/1995,3.13
2/22/1995,6.47
2/23/1995,1.48
2/24/1995,2.14
2/25/1995,10.94
2/26/1995,9.76
2/27/1995,5.27
2/28/1995,3.71
3/1/1995,3.3
3/2/1995,0.87
3/3/1995,0.82
3/4/1995,5.36
3/5/1995,1.4
3/6/1995,0.91
3/7/1995,1.52
3/8/1995,1.03
3/9/1995,0.29
3/10/1995,0.23
3/11/1995,0.33
3/12/1995,4.86
3/13/1995,2.31
3/14/1995,7.42
3/15/1995,1.32
3/16/1995,2.02
3/17/1995,7.62
3/18/1995,1.32
3/19/1995,2.27
3/20/1995,1.9
3/21/1995,3.63
3/22/1995,6.26
3/23/1995,12.85
3/24/1995,1.44
3/25/1995,1.98
3/26/1995,0.49
3/27/1995,0.58
3/28/1995,1.32
3/29/1995,1.4
3/30/1995,3.38
3/31/1995,0.66
4/1/1995,0.95
4/2/1995,1.07
4/3/1995,2.51
4/4/1995,0.7
4/5/1995,1.96
4/6/1995,5.46
4/7/1995,3.05
4/8/1995,6.8
4/9/1995,2.22
4/10/1995,0.58
4/11/1995,0.33
4/12/1995,0.99
4/13/1995,0.33
4/14/1995,0.99
4/15/1995,1.44
4/16/1995,1.07
4/17/1995,0.56
4/18/1995,0.41
4/19/1995,0.91
4/20/1995,3.09
4/21/1995,0.66
4/22/1995,0.45
4/23/1995,2.06
4/24/1995,0.16
4/25/1995,0.82
4/26/1995,0.82
4/27/1995,1.98
4/28/1995,0.25
4/29/1995,0.41
4/30/1995,1.46
5/1/1995,1.07
5/2/1995,2.02
5/3/1995,1.07
5/4/1995,0.12
5/5/1995,0.16
5/6/1995,2.22
5/7/1995,3.87
5/8/1995,3.3
5/9/1995,2.31
5/10/1995,0.49
5/11/1995,2.47
5/12/1995,3.91
5/13/1995,3.46
5/14/1995,3.01
5/15/1995,3.91
5/16/1995,5.73
5/17/1995,3.19
5/18/1995,2.08
5/19/1995,1.83
5/20/1995,0.21
5/21/1995,0.08
5/22/1995,0.25
5/23/1995,1.65
5/24/1995,1.52
5/25/1995,2.72
5/26/1995,1.94
5/27/1995,1.9
5/28/1995,1.11
5/29/1995,0.82
5/30/1995,1.69
5/31/1995,2.35
6/1/1995,1.01
6/2/1995,2.84
6/3/1995,0.7
6/4/1995,0.37
6/5/1995,0.08
6/6/1995,0
6/7/1995,0.29
6/8/1995,0.02
6/9/1995,0.16
6/10/1995,0.99
6/11/1995,0.06
6/12/1995,1.92
6/13/1995,1.11
6/14/1995,0.74
6/15/1995,1.17
6/16/1995,0.21
6/17/1995,0
6/18/1995,0
6/19/1995,0
6/20/1995,0
6/21/1995,0
6/22/1995,0
6/23/1995,0
6/24/1995,0
6/25/1995,0
6/26/1995,0
6/27/1995,0
6/28/1995,0.95
6/29/1995,0.91
6/30/1995,1.38
7/1/1995,0
7/2/1995,0.08
7/3/1995,0.04
7/4/1995,0.43
7/5/1995,4.99
7/6/1995,1.61
7/7/1995,0.89
7/8/1995,0.41
7/9/1995,0
7/10/1995,0
7/11/1995,0
7/12/1995,0
7/13/1995,0.04
7/14/1995,0.7
7/15/1995,0.12
7/16/1995,2.06
7/17/1995,0.49
7/18/1995,1.19
7/19/1995,2.88
7/20/1995,8.75
7/21/1995,12.77
7/22/1995,1.98
7/23/1995,0.29
7/24/1995,0.25
7/25/1995,0.04
7/26/1995,0
7/27/1995,0
7/28/1995,0.95
7/29/1995,0.49
7/30/1995,0
7/31/1995,0.37
8/1/1995,0.04
8/2/1995,0
8/3/1995,0
8/4/1995,0
8/5/1995,0
8/6/1995,0
8/7/1995,0
8/8/1995,0
8/9/1995,0
8/10/1995,0
8/11/1995,0
8/12/1995,0.08
8/13/1995,0.08
8/14/1995,0.21
8/15/1995,0.7
8/16/1995,3.01
8/17/1995,3.09
8/18/1995,1.61
8/19/1995,1.52
8/20/1995,1.73
8/21/1995,3.38
8/22/1995,7.91
8/23/1995,7.25
8/24/1995,2.55
8/25/1995,1.36
8/26/1995,0.74
8/27/1995,3.15
8/28/1995,1.81
8/29/1995,1.75
8/30/1995,1.07
8/31/1995,0.33
9/1/1995,0.49
9/2/1995,0.49
9/3/1995,1.44
9/4/1995,1.81
9/5/1995,1.07
9/6/1995,0.08
9/7/1995,0.08
9/8/1995,1.03
9/9/1995,0.62
9/10/1995,1.24
9/11/1995,3.67
9/12/1995,6.55
9/13/1995,7.97
9/14/1995,3.54
9/15/1995,2.22
9/16/1995,2.18
9/17/1995,1.4
9/18/1995,0.66
9/19/1995,0.25
9/20/1995,0.12
9/21/1995,0.21
9/22/1995,0.82
9/23/1995,1.32
9/24/1995,3.38
9/25/1995,2.55
9/26/1995,2.39
9/27/1995,1.65
9/28/1995,1.24
9/29/1995,1.48
9/30/1995,1.9
10/1/1995,2.76
10/2/1995,4.74
10/3/1995,3.4
10/4/1995,4.33
10/5/1995,4.37
10/6/1995,2.76
10/7/1995,0.62
10/8/1995,1.69
10/9/1995,0.82
10/10/1995,1.13
10/11/1995,0.45
10/12/1995,0.87
10/13/1995,1.28
10/14/1995,2.31
10/15/1995,3.05
10/16/1995,3.25
10/17/1995,1.63
10/18/1995,4.37
10/19/1995,3.58
10/20/1995,4.35
10/21/1995,2.55
10/22/1995,2.68
10/23/1995,3.34
10/24/1995,1.77
10/25/1995,1.01
10/26/1995,0.8
10/27/1995,0.95
10/28/1995,1.48
10/29/1995,0.82
10/30/1995,0.91
10/31/1995,0.89
11/1/1995,2.22
11/2/1995,1.36
11/3/1995,0.41
11/4/1995,2.51
11/5/1995,3.83
11/6/1995,10.13
11/7/1995,0.58
11/8/1995,1.19
11/9/1995,2.22
11/10/1995,2.55
11/11/1995,2.22
11/12/1995,0.7
11/13/1995,0.66
11/14/1995,1.26
11/15/1995,0.35
11/16/1995,3.52
11/17/1995,2.6
11/18/1995,3.54
11/19/1995,4.9
11/20/1995,1.61
11/21/1995,0.89
11/22/1995,0.99
11/23/1995,0.49
11/24/1995,0.21
11/25/1995,3.71
11/26/1995,2.88
11/27/1995,2.88
11/28/1995,0.66
11/29/1995,0.8
11/30/1995,0.64
12/1/1995,0.68
12/2/1995,1.3
12/3/1995,1.73
12/4/1995,1.44
12/5/1995,2.22
12/6/1995,0.04
12/7/1995,0.66
12/8/1995,1.9
12/9/1995,9.85
12/10/1995,8.16
12/11/1995,0.45
12/12/1995,0.08
12/13/1995,1.48
12/14/1995,1.26
12/15/1995,1.69
12/16/1995,0.29
12/17/1995,2.39
12/18/1995,1.15
12/19/1995,1.36
12/20/1995,3.46
12/21/1995,2.06
12/22/1995,2.72
12/23/1995,2.39
12/24/1995,1.65
12/25/1995,2.43
12/26/1995,0.29
12/27/1995,0.33
12/28/1995,0.25
12/29/1995,0.12
12/30/1995,5.93
12/31/1995,1.48
1/1/1996,3.79
1/2/1996,1.9
1/3/1996,3.25
1/4/1996,8.07
1/5/1996,10.63
1/6/1996,1.85
1/7/1996,3.19
1/8/1996,8.36
1/9/1996,7.66
1/10/1996,4.45
1/11/1996,1.85
1/12/1996,1.24
1/13/1996,1.11
1/14/1996,6.78
1/15/1996,5.05
1/16/1996,4.2
1/17/1996,0.95
1/18/1996,1.07
1/19/1996,2.39
1/20/1996,3.79
1/21/1996,3.34
1/22/1996,2.93
1/23/1996,1.4
1/24/1996,2.72
1/25/1996,3.34
1/26/1996,2.55
1/27/1996,3.17
1/28/1996,1.98
1/29/1996,1.85
1/30/1996,1.48
1/31/1996,12.73
2/1/1996,0.41
2/2/1996,1.98
2/3/1996,4.78
2/4/1996,1.69
2/5/1996,0.58
2/6/1996,0.66
2/7/1996,1.81
2/8/1996,0.7
2/9/1996,0.62
2/10/1996,2.39
2/11/1996,3.21
2/12/1996,12.77
2/13/1996,7.7
2/14/1996,2.31
2/15/1996,2.22
2/16/1996,3.71
2/17/1996,0.74
2/18/1996,1.77
2/19/1996,5.52
2/20/1996,5.77
2/21/1996,2.55
2/22/1996,2.97
2/23/1996,1.44
2/24/1996,7.75
2/25/1996,6.55
2/26/1996,1.44
2/27/1996,2.35
2/28/1996,4.16
2/29/1996,9.31
3/1/1996,5.64
3/2/1996,2.35
3/3/1996,1.15
3/4/1996,2.35
3/5/1996,3.34
3/6/1996,2.93
3/7/1996,1.44
3/8/1996,4.04
3/9/1996,4.04
3/10/1996,8.73
3/11/1996,7.62
3/12/1996,3.25
3/13/1996,2.1
3/14/1996,0.45
3/15/1996,0.21
3/16/1996,0.62
3/17/1996,0.33
3/18/1996,0.62
3/19/1996,2.64
3/20/1996,0.58
3/21/1996,0.04
3/22/1996,0
3/23/1996,0.12
3/24/1996,19.82
3/25/1996,8.14
3/26/1996,3.98
3/27/1996,0.56
3/28/1996,0.21
3/29/1996,0.33
3/30/1996,3.25
3/31/1996,7.64
4/1/1996,1.4
4/2/1996,0.41
4/3/1996,1.44
4/4/1996,1.19
4/5/1996,0.41
4/6/1996,0.66
4/7/1996,1.32
4/8/1996,0.64
4/9/1996,0.82
4/10/1996,0.56
4/11/1996,0.78
4/12/1996,0.64
4/13/1996,0.7
4/14/1996,0.74
4/15/1996,0.95
4/16/1996,0.21
4/17/1996,0.33
4/18/1996,0.91
4/19/1996,2.8
4/20/1996,2.97
4/21/1996,0.45
4/22/1996,0.41
4/23/1996,0.49
4/24/1996,0.33
4/25/1996,3.13
4/26/1996,3.42
4/27/1996,0.66
4/28/1996,0.74
4/29/1996,1.98
4/30/1996,1.07
5/1/1996,1.98
5/2/1996,1.24
5/3/1996,1.32
5/4/1996,0.04
5/5/1996,0.12
5/6/1996,0.25
5/7/1996,0.14
5/8/1996,0.16
5/9/1996,0.04
5/10/1996,0.49
5/11/1996,0.41
5/12/1996,1.01
5/13/1996,0.45
5/14/1996,0.56
5/15/1996,1.65
5/16/1996,0.04
5/17/1996,0.95
5/18/1996,0.08
5/19/1996,1.36
5/20/1996,0.74
5/21/1996,0.58
5/22/1996,0.29
5/23/1996,0.04
5/24/1996,0
5/25/1996,0.16
5/26/1996,0.47
5/27/1996,0.27
5/28/1996,0
5/29/1996,0
5/30/1996,0
5/31/1996,0
6/1/1996,0
6/2/1996,0
6/3/1996,0
6/4/1996,0
6/5/1996,0
6/6/1996,0.37
6/7/1996,1.24
6/8/1996,0.66
6/9/1996,1.9
6/10/1996,0.27
6/11/1996,0.04
6/12/1996,0
6/13/1996,0
6/14/1996,0
6/15/1996,0
6/16/1996,0
6/17/1996,0.27
6/18/1996,3.21
6/19/1996,0.25
6/20/1996,0
6/21/1996,0.02
6/22/1996,0.02
6/23/1996,0
6/24/1996,0.06
6/25/1996,0.04
6/26/1996,0
6/27/1996,0
6/28/1996,0
6/29/1996,0
6/30/1996,0.12
7/1/1996,0
7/2/1996,0
7/3/1996,0
7/4/1996,0.35
7/5/1996,1.19
7/6/1996,1.07
7/7/1996,0.25
7/8/1996,0
7/9/1996,0
7/10/1996,0
7/11/1996,0
7/12/1996,0
7/13/1996,0
7/14/1996,0
7/15/1996,0
7/16/1996,0
7/17/1996,0
7/18/1996,0.82
7/19/1996,1.44
7/20/1996,0.66
7/21/1996,0.14
7/22/1996,0.1
7/23/1996,0
7/24/1996,1.48
7/25/1996,1.11
7/26/1996,1.03
7/27/1996,11
7/28/1996,6.55
7/29/1996,5.31
7/30/1996,6.02
7/31/1996,1.59
8/1/1996,0.04
8/2/1996,0.99
8/3/1996,2.1
8/4/1996,2.16
8/5/1996,2.22
8/6/1996,3.34
8/7/1996,0.45
8/8/1996,4.2
8/9/1996,10.51
8/10/1996,6.59
8/11/1996,10.51
8/12/1996,5.83
8/13/1996,5.77
8/14/1996,2.29
8/15/1996,1.77
8/16/1996,0.25
8/17/1996,0.04
8/18/1996,0.82
8/19/1996,1.3
8/20/1996,3.42
8/21/1996,2.93
8/22/1996,0.95
8/23/1996,0
8/24/1996,0
8/25/1996,0
8/26/1996,1.24
8/27/1996,1.83
8/28/1996,0.54
8/29/1996,1.07
8/30/1996,2.72
8/31/1996,2.76
9/1/1996,1.85
9/2/1996,4.99
9/3/1996,1.03
9/4/1996,0.21
9/5/1996,0
9/6/1996,0.02
9/7/1996,0.25
9/8/1996,0.91
9/9/1996,1.61
9/10/1996,1.98
9/11/1996,0.7
9/12/1996,1.69
9/13/1996,2.86
9/14/1996,1.92
9/15/1996,3.87
9/16/1996,3.58
9/17/1996,7.37
9/18/1996,6.59
9/19/1996,4
9/20/1996,8.53
9/21/1996,3.83
9/22/1996,3.25
9/23/1996,1.61
9/24/1996,1.44
9/25/1996,3.44
9/26/1996,4.57
9/27/1996,7.25
9/28/1996,2.06
9/29/1996,1.69
9/30/1996,1.4
10/1/1996,0.82
10/2/1996,1.52
10/3/1996,2.8
10/4/1996,5.89
10/5/1996,0.89
10/6/1996,2.1
10/7/1996,2.53
10/8/1996,3.52
10/9/1996,2.47
10/10/1996,8.03
10/11/1996,1.3
10/12/1996,1.4
10/13/1996,3.46
10/14/1996,1.65
10/15/1996,1.15
10/16/1996,0.78
10/17/1996,2.43
10/18/1996,1.24
10/19/1996,0.95
10/20/1996,1.98
10/21/1996,2.27
10/22/1996,0.62
10/23/1996,1.94
10/24/1996,8.98
10/25/1996,11.7
10/26/1996,4.53
10/27/1996,0.12
10/28/1996,1.19
10/29/1996,0.74
10/30/1996,1.98
10/31/1996,1.5
11/1/1996,2.66
11/2/1996,2.47
11/3/1996,1.73
11/4/1996,0.54
11/5/1996,0.95
11/6/1996,1.5
11/7/1996,1.36
11/8/1996,1.03
11/9/1996,0.91
11/10/1996,0.43
11/11/1996,0.6
11/12/1996,2.35
11/13/1996,1.48
11/14/1996,0.58
11/15/1996,2.06
11/16/1996,3.38
11/17/1996,1.32
11/18/1996,1.28
11/19/1996,0.58
11/20/1996,0.25
11/21/1996,1.48
11/22/1996,1.65
11/23/1996,1.57
11/24/1996,0.45
11/25/1996,1.65
11/26/1996,1.24
11/27/1996,4.53
11/28/1996,3.01
11/29/1996,2.82
11/30/1996,1.98
12/1/1996,0.91
12/2/1996,0.99
12/3/1996,0.04
12/4/1996,0.29
12/5/1996,0.91
12/6/1996,0.49
12/7/1996,0.29
12/8/1996,0.16
12/9/1996,2.43
12/10/1996,0.41
12/11/1996,0.82
12/12/1996,2.45
12/13/1996,0.91
12/14/1996,0.29
12/15/1996,2.68
12/16/1996,2.14
12/17/1996,0.45
12/18/1996,0.45
12/19/1996,0.16
12/20/1996,0.04
12/21/1996,0.49
12/22/1996,0.45
12/23/1996,0.31
12/24/1996,0.1
12/25/1996,0.02
12/26/1996,2.78
12/27/1996,0.93
12/28/1996,2.18
12/29/1996,4.53
12/30/1996,1.03
12/31/1996,2.02
1/1/1997,2.47
1/2/1997,2.27
1/3/1997,2.02
1/4/1997,9.74
1/5/1997,3.23
1/6/1997,0.58
1/7/1997,0.49
1/8/1997,0.66
1/9/1997,1.57
1/10/1997,4.9
1/11/1997,14.01
1/12/1997,4.22
1/13/1997,2.93
1/14/1997,0.91
1/15/1997,1.03
1/16/1997,1.65
1/17/1997,2.37
1/18/1997,2.76
1/19/1997,3.05
1/20/1997,5.27
1/21/1997,7.17
1/22/1997,8.45
1/23/1997,3.46
1/24/1997,0.78
1/25/1997,0.97
1/26/1997,0.54
1/27/1997,0.31
1/28/1997,0.66
1/29/1997,0.82
1/30/1997,1.36
1/31/1997,4.86
2/1/1997,2.06
2/2/1997,6.3
2/3/1997,2.6
2/4/1997,3.38
2/5/1997,3.42
2/6/1997,4.82
2/7/1997,3.54
2/8/1997,3.98
2/9/1997,4.99
2/10/1997,2.1
2/11/1997,2.6
2/12/1997,1.24
2/13/1997,0.58
2/14/1997,2.51
2/15/1997,1.81
2/16/1997,0.82
2/17/1997,0.21
2/18/1997,1.73
2/19/1997,2.47
2/20/1997,1.4
2/21/1997,1.85
2/22/1997,1.01
2/23/1997,0.95
2/24/1997,0.87
2/25/1997,1.44
2/26/1997,0.62
2/27/1997,0.29
2/28/1997,1.36
3/1/1997,4.37
3/2/1997,5.03
3/3/1997,2.8
3/4/1997,5.81
3/5/1997,8.4
3/6/1997,1.65
3/7/1997,0.58
3/8/1997,2.55
3/9/1997,1.85
3/10/1997,2.06
3/11/1997,0.41
3/12/1997,0.21
3/13/1997,0.87
3/14/1997,0.95
3/15/1997,1.28
3/16/1997,0.78
3/17/1997,0.78
3/18/1997,3.13
3/19/1997,0.87
3/20/1997,1.19
3/21/1997,3.63
3/22/1997,2.8
3/23/1997,3.13
3/24/1997,0.95
3/25/1997,0.58
3/26/1997,0.7
3/27/1997,0.45
3/28/1997,1.32
3/29/1997,2.8
3/30/1997,1.96
3/31/1997,0.91
4/1/1997,1.69
4/2/1997,0.16
4/3/1997,0.08
4/4/1997,1.69
4/5/1997,2.8
4/6/1997,4.53
4/7/1997,2.14
4/8/1997,1.24
4/9/1997,0.08
4/10/1997,2.31
4/11/1997,0.84
4/12/1997,0.29
4/13/1997,0.41
4/14/1997,0
4/15/1997,0.41
4/16/1997,1.44
4/17/1997,1.28
4/18/1997,0.66
4/19/1997,0.82
4/20/1997,1.57
4/21/1997,3.25
4/22/1997,1.36
4/23/1997,2.06
4/24/1997,0.16
4/25/1997,0.99
4/26/1997,1.24
4/27/1997,1.24
4/28/1997,0.02
4/29/1997,1.4
4/30/1997,3.54
5/1/1997,0.82
5/2/1997,0.66
5/3/1997,2.51
5/4/1997,0.21
5/5/1997,1.36
5/6/1997,5.85
5/7/1997,2.39
5/8/1997,4.61
5/9/1997,0.58
5/10/1997,0
5/11/1997,0.12
5/12/1997,2.62
5/13/1997,0.54
5/14/1997,0.16
5/15/1997,1.19
5/16/1997,1.07
5/17/1997,0.21
5/18/1997,0.29
5/19/1997,0.37
5/20/1997,0.58
5/21/1997,0.45
5/22/1997,0.29
5/23/1997,0.82
5/24/1997,0.7
5/25/1997,0.37
5/26/1997,0.78
5/27/1997,1.03
5/28/1997,0.99
5/29/1997,0.37
5/30/1997,0.12
5/31/1997,0.78
6/1/1997,1.03
6/2/1997,0.49
6/3/1997,0.87
6/4/1997,1.73
6/5/1997,0.99
6/6/1997,0.47
6/7/1997,0.08
6/8/1997,0
6/9/1997,1.19
6/10/1997,1.44
6/11/1997,1.71
6/12/1997,0.02
6/13/1997,0
6/14/1997,0
6/15/1997,0
6/16/1997,1.07
6/17/1997,2.31
6/18/1997,2.47
6/19/1997,0.7
6/20/1997,0.1
6/21/1997,0
6/22/1997,0.02
6/23/1997,0.02
6/24/1997,0.02
6/25/1997,0.02
6/26/1997,0.49
6/27/1997,2.06
6/28/1997,0.66
6/29/1997,0
6/30/1997,0.87
7/1/1997,3.38
7/2/1997,3.67
7/3/1997,1.63
7/4/1997,0.19
7/5/1997,0
7/6/1997,0.1
7/7/1997,1.96
7/8/1997,1.01
7/9/1997,1.07
7/10/1997,0.12
7/11/1997,0.08
7/12/1997,0
7/13/1997,0
7/14/1997,0
7/15/1997,0
7/16/1997,0.37
7/17/1997,0.27
7/18/1997,0
7/19/1997,0.43
7/20/1997,0.16
7/21/1997,1.4
7/22/1997,0.66
7/23/1997,0.19
7/24/1997,0
7/25/1997,0.04
7/26/1997,0
7/27/1997,0
7/28/1997,0
7/29/1997,0
7/30/1997,0
7/31/1997,0.16
8/1/1997,0.56
8/2/1997,1.81
8/3/1997,1.28
8/4/1997,2.6
8/5/1997,4.28
8/6/1997,4.53
8/7/1997,3.19
8/8/1997,0.95
8/9/1997,0.16
8/10/1997,0
8/11/1997,0
8/12/1997,0
8/13/1997,0
8/14/1997,0.08
8/15/1997,0.21
8/16/1997,0.91
8/17/1997,0.74
8/18/1997,0.62
8/19/1997,0.41
8/20/1997,0
8/21/1997,0
8/22/1997,0
8/23/1997,0
8/24/1997,0
8/25/1997,0
8/26/1997,0
8/27/1997,0
8/28/1997,0
8/29/1997,0
8/30/1997,0
8/31/1997,0
9/1/1997,0
9/2/1997,0
9/3/1997,0
9/4/1997,0
9/5/1997,0
9/6/1997,0.04
9/7/1997,1.19
9/8/1997,1.52
9/9/1997,0
9/10/1997,0
9/11/1997,1.57
9/12/1997,2.27
9/13/1997,6.47
9/14/1997,3.96
9/15/1997,2.88
9/16/1997,0.45
9/17/1997,2.06
9/18/1997,0.78
9/19/1997,2.43
9/20/1997,2.55
9/21/1997,3.87
9/22/1997,3.25
9/23/1997,2.93
9/24/1997,1.85
9/25/1997,1.28
9/26/1997,3.5
9/27/1997,5.81
9/28/1997,1.03
9/29/1997,1.48
9/30/1997,1.32
10/1/1997,4.04
10/2/1997,0.33
10/3/1997,0.12
10/4/1997,1.03
10/5/1997,2.6
10/6/1997,2
10/7/1997,1.85
10/8/1997,2.76
10/9/1997,0.82
10/10/1997,2.1
10/11/1997,2.7
10/12/1997,3.87
10/13/1997,1.94
10/14/1997,0.54
10/15/1997,0.04
10/16/1997,0.7
10/17/1997,1.52
10/18/1997,0.45
10/19/1997,2.51
10/20/1997,1.19
10/21/1997,3.75
10/22/1997,7.25
10/23/1997,6.18
10/24/1997,4.61
10/25/1997,0.91
10/26/1997,1.19
10/27/1997,1.36
10/28/1997,0.7
10/29/1997,0.25
10/30/1997,0.7
10/31/1997,0.87
11/1/1997,1.15
11/2/1997,3.21
11/3/1997,3.34
11/4/1997,5.29
11/5/1997,3.05
11/6/1997,2.84
11/7/1997,2.22
11/8/1997,1.11
11/9/1997,1.11
11/10/1997,1.77
11/11/1997,1.57
11/12/1997,0.21
11/13/1997,0.21
11/14/1997,0.54
11/15/1997,0.49
11/16/1997,0.66
11/17/1997,5.64
11/18/1997,0.91
11/19/1997,0.8
11/20/1997,0.66
11/21/1997,2.27
11/22/1997,2.31
11/23/1997,1.28
11/24/1997,2.43
11/25/1997,3.79
11/26/1997,0.16
11/27/1997,0.49
11/28/1997,1.48
11/29/1997,0.37
11/30/1997,3.3
12/1/1997,2.22
12/2/1997,1.11
12/3/1997,0.08
12/4/1997,0.08
12/5/1997,3.63
12/6/1997,1.73
12/7/1997,0.33
12/8/1997,2.51
12/9/1997,0.21
12/10/1997,1.4
12/11/1997,3.25
12/12/1997,0.66
12/13/1997,0.21
12/14/1997,2.06
12/15/1997,0.7
12/16/1997,0.08
12/17/1997,0.29
12/18/1997,1.32
12/19/1997,2.97
12/20/1997,1.19
12/21/1997,0.54
12/22/1997,0.54
12/23/1997,0.45
12/24/1997,0.99
12/25/1997,0.37
12/26/1997,1.28
12/27/1997,0.49
12/28/1997,2.06
12/29/1997,0.54
12/30/1997,0.58
12/31/1997,0.04
1/1/1998,0.12
1/2/1998,0.41
1/3/1998,10.22
1/4/1998,0.45
1/5/1998,2.08
1/6/1998,0.7
1/7/1998,1.13
1/8/1998,2.55
1/9/1998,8.36
1/10/1998,2.06
1/11/1998,8.57
1/12/1998,2.53
1/13/1998,1.44
1/14/1998,6.59
1/15/1998,11.54
1/16/1998,12.19
1/17/1998,3.96
1/18/1998,9.46
1/19/1998,11.74
1/20/1998,2.76
1/21/1998,2.68
1/22/1998,2.64
1/23/1998,1.52
1/24/1998,1.32
1/25/1998,2.97
1/26/1998,4.2
1/27/1998,2.31
1/28/1998,1.19
1/29/1998,1.44
1/30/1998,3.25
1/31/1998,5.77
2/1/1998,1.9
2/2/1998,2.02
2/3/1998,4.94
2/4/1998,2.8
2/5/1998,9.76
2/6/1998,6.96
2/7/1998,9.95
2/8/1998,16.77
2/9/1998,8.65
2/10/1998,1.9
2/11/1998,2.8
2/12/1998,2.72
2/13/1998,1.65
2/14/1998,6.51
2/15/1998,6.76
2/16/1998,3.38
2/17/1998,0.72
2/18/1998,3.21
2/19/1998,2.02
2/20/1998,2.88
2/21/1998,2.86
2/22/1998,1.83
2/23/1998,1.3
2/24/1998,1.03
2/25/1998,3.63
2/26/1998,4.12
2/27/1998,1.65
2/28/1998,0.91
3/1/1998,1.15
3/2/1998,2.06
3/3/1998,3.38
3/4/1998,3.63
3/5/1998,2.02
3/6/1998,2.06
3/7/1998,4.37
3/8/1998,4.49
3/9/1998,2.02
3/10/1998,1.59
3/11/1998,13.22
3/12/1998,18.33
3/13/1998,23.65
3/14/1998,6.96
3/15/1998,8.24
3/16/1998,11.45
3/17/1998,10.59
3/18/1998,4.43
3/19/1998,0.58
3/20/1998,0.87
3/21/1998,2.22
3/22/1998,2.27
3/23/1998,1.19
3/24/1998,0.45
3/25/1998,0.87
3/26/1998,0.95
3/27/1998,1.38
3/28/1998,1.73
3/29/1998,0.74
3/30/1998,0.54
3/31/1998,0.49
4/1/1998,0.35
4/2/1998,0.39
4/3/1998,0.41
4/4/1998,0.16
4/5/1998,0.95
4/6/1998,1.32
4/7/1998,1.32
4/8/1998,0.6
4/9/1998,2.62
4/10/1998,1.07
4/11/1998,0.7
4/12/1998,0.62
4/13/1998,0.25
4/14/1998,4.08
4/15/1998,1.65
4/16/1998,0.7
4/17/1998,0.12
4/18/1998,0.08
4/19/1998,0.25
4/20/1998,1.24
4/21/1998,2.22
4/22/1998,1.73
4/23/1998,0.08
4/24/1998,1.73
4/25/1998,0.82
4/26/1998,0.66
4/27/1998,0.25
4/28/1998,0.66
4/29/1998,0.58
4/30/1998,1.73
5/1/1998,0.41
5/2/1998,0.82
5/3/1998,1.15
5/4/1998,1.24
5/5/1998,0.29
5/6/1998,0.04
5/7/1998,0.08
5/8/1998,0.41
5/9/1998,0.95
5/10/1998,0.91
5/11/1998,0.89
5/12/1998,0.62
5/13/1998,0.16
5/14/1998,0.16
5/15/1998,0.16
5/16/1998,0.08
5/17/1998,0.04
5/18/1998,0.74
5/19/1998,0.49
5/20/1998,0.16
5/21/1998,0.08
5/22/1998,0.04
5/23/1998,0.41
5/24/1998,0.45
5/25/1998,1.4
5/26/1998,0.25
5/27/1998,0.08
5/28/1998,0.29
5/29/1998,0.25
5/30/1998,0.16
5/31/1998,0.08
6/1/1998,0
6/2/1998,0.91
6/3/1998,0.66
6/4/1998,0.08
6/5/1998,0.06
6/6/1998,0.33
6/7/1998,0.08
6/8/1998,0.02
6/9/1998,0.68
6/10/1998,1.73
6/11/1998,0.54
6/12/1998,1.65
6/13/1998,0.08
6/14/1998,0
6/15/1998,0
6/16/1998,0
6/17/1998,0
6/18/1998,0
6/19/1998,0.04
6/20/1998,0
6/21/1998,0
6/22/1998,0
6/23/1998,0
6/24/1998,0
6/25/1998,0
6/26/1998,1.65
6/27/1998,0.58
6/28/1998,0
6/29/1998,0
6/30/1998,0.7
7/1/1998,5.6
7/2/1998,1.71
7/3/1998,1.46
7/4/1998,1.87
7/5/1998,0.82
7/6/1998,0.21
7/7/1998,0.25
7/8/1998,0.1
7/9/1998,0.02
7/10/1998,0
7/11/1998,0.02
7/12/1998,0.87
7/13/1998,0.54
7/14/1998,1.24
7/15/1998,0.41
7/16/1998,0
7/17/1998,0.49
7/18/1998,0.95
7/19/1998,0.54
7/20/1998,0.33
7/21/1998,0.08
7/22/1998,0
7/23/1998,0.49
7/24/1998,0
7/25/1998,0
7/26/1998,0
7/27/1998,0
7/28/1998,0.54
7/29/1998,0
7/30/1998,0.66
7/31/1998,3.05
8/1/1998,1.36
8/2/1998,7.64
8/3/1998,4.7
8/4/1998,5.09
8/5/1998,2.51
8/6/1998,1.57
8/7/1998,1.01
8/8/1998,0.16
8/9/1998,0.8
8/10/1998,0.82
8/11/1998,0.72
8/12/1998,0.08
8/13/1998,0
8/14/1998,0
8/15/1998,0.95
8/16/1998,0
8/17/1998,0
8/18/1998,0.12
8/19/1998,0.25
8/20/1998,0.82
8/21/1998,0.29
8/22/1998,0.33
8/23/1998,1.32
8/24/1998,1.19
8/25/1998,3.34
8/26/1998,0.41
8/27/1998,0.49
8/28/1998,1.03
8/29/1998,2.55
8/30/1998,3.46
8/31/1998,4.28
9/1/1998,4.61
9/2/1998,1.85
9/3/1998,5.91
9/4/1998,3.75
9/5/1998,1.98
9/6/1998,0.7
9/7/1998,1.28
9/8/1998,0.04
9/9/1998,0
9/10/1998,0.74
9/11/1998,2.39
9/12/1998,1.44
9/13/1998,0.33
9/14/1998,0.37
9/15/1998,2.51
9/16/1998,2.18
9/17/1998,2.8
9/18/1998,10.46
9/19/1998,12.48
9/20/1998,10.84
9/21/1998,10.3
9/22/1998,6.88
9/23/1998,6.51
9/24/1998,9.27
9/25/1998,11.54
9/26/1998,5.89
9/27/1998,2.18
9/28/1998,2.43
9/29/1998,1.19
9/30/1998,0.33
10/1/1998,0.08
10/2/1998,2.18
10/3/1998,1.11
10/4/1998,0.25
10/5/1998,0.37
10/6/1998,0.29
10/7/1998,1.07
10/8/1998,2.68
10/9/1998,6.18
10/10/1998,11.08
10/11/1998,6.02
10/12/1998,4.39
10/13/1998,3.91
10/14/1998,4.74
10/15/1998,3.09
10/16/1998,2.35
10/17/1998,1.61
10/18/1998,1.44
10/19/1998,2.22
10/20/1998,1.77
10/21/1998,1.69
10/22/1998,1.81
10/23/1998,1.03
10/24/1998,0.7
10/25/1998,0.82
10/26/1998,0.45
10/27/1998,0.08
10/28/1998,0.16
10/29/1998,0.45
10/30/1998,1.44
10/31/1998,14.23
11/1/1998,2.8
11/2/1998,6.88
11/3/1998,0.82
11/4/1998,0.82
11/5/1998,0.95
11/6/1998,0.45
11/7/1998,0.66
11/8/1998,0.29
11/9/1998,2.06
11/10/1998,0.74
11/11/1998,1.24
11/12/1998,1.73
11/13/1998,0.91
11/14/1998,0.74
11/15/1998,0.99
11/16/1998,2.31
11/17/1998,4.94
11/18/1998,7.42
11/19/1998,4.28
11/20/1998,1.24
11/21/1998,1.15
11/22/1998,2.14
11/23/1998,1.19
11/24/1998,0.99
11/25/1998,0.21
11/26/1998,0.66
11/27/1998,7.25
11/28/1998,2.93
11/29/1998,1.98
11/30/1998,1.03
12/1/1998,1.15
12/2/1998,0.33
12/3/1998,0.29
12/4/1998,0.37
12/5/1998,0.12
12/6/1998,0
12/7/1998,1.48
12/8/1998,1.61
12/9/1998,1.61
12/10/1998,1.36
12/11/1998,0.54
12/12/1998,0.25
12/13/1998,1.07
12/14/1998,0.33
12/15/1998,2.06
12/16/1998,0.82
12/17/1998,0.37
12/18/1998,1.69
12/19/1998,0.04
12/20/1998,0.7
12/21/1998,1.4
12/22/1998,0.33
12/23/1998,0.29
12/24/1998,0.41
12/25/1998,1.24
12/26/1998,0.7
12/27/1998,0.91
12/28/1998,2.88
12/29/1998,0.82
12/30/1998,1.28
12/31/1998,0.74
1/1/1999,1.32
1/2/1999,0.49
1/3/1999,0.74
1/4/1999,0.37
1/5/1999,1.48
1/6/1999,2.18
1/7/1999,2.51
1/8/1999,0.78
1/9/1999,0.87
1/10/1999,1.03
1/11/1999,0.27
1/12/1999,0.08
1/13/1999,0
1/14/1999,1.15
1/15/1999,0.04
1/16/1999,0.08
1/17/1999,0.19
1/18/1999,1.11
1/19/1999,2.64
1/20/1999,3.01
1/21/1999,0.87
1/22/1999,1.32
1/23/1999,2.62
1/24/1999,1.81
1/25/1999,3.46
1/26/1999,1.07
1/27/1999,6.22
1/28/1999,11.95
1/29/1999,3.87
1/30/1999,1.65
1/31/1999,16.81
2/1/1999,7.58
2/2/1999,4.12
2/3/1999,2.68
2/4/1999,0.78
2/5/1999,1.36
2/6/1999,0.41
2/7/1999,5.56
2/8/1999,1.79
2/9/1999,2.84
2/10/1999,1.15
2/11/1999,1.61
2/12/1999,2.51
2/13/1999,1.4
2/14/1999,1.77
2/15/1999,1.77
2/16/1999,2.47
2/17/1999,10.42
2/18/1999,24.72
2/19/1999,19.88
2/20/1999,3.21
2/21/1999,1.81
2/22/1999,1.07
2/23/1999,1.07
2/24/1999,0
2/25/1999,0.41
2/26/1999,1.11
2/27/1999,0.37
2/28/1999,1.4
3/1/1999,5.31
3/2/1999,2.72
3/3/1999,1.28
3/4/1999,0.78
3/5/1999,1.48
3/6/1999,3.54
3/7/1999,0.87
3/8/1999,2.8
3/9/1999,1.9
3/10/1999,0.66
3/11/1999,3.13
3/12/1999,1.9
3/13/1999,1.44
3/14/1999,1.98
3/15/1999,1.85
3/16/1999,0.62
3/17/1999,1.22
3/18/1999,0.66
3/19/1999,0.99
3/20/1999,1.13
3/21/1999,0.91
3/22/1999,1.48
3/23/1999,1.15
3/24/1999,8.73
3/25/1999,8.75
3/26/1999,3.25
3/27/1999,4.33
3/28/1999,4.99
3/29/1999,1.69
3/30/1999,0.91
3/31/1999,2.88
4/1/1999,0.51
4/2/1999,0.56
4/3/1999,1.19
4/4/1999,1.81
4/5/1999,0.25
4/6/1999,0.58
4/7/1999,0.21
4/8/1999,0.54
4/9/1999,1.32
4/10/1999,0.37
4/11/1999,0.33
4/12/1999,3.17
4/13/1999,2.97
4/14/1999,3.09
4/15/1999,1.44
4/16/1999,0.49
4/17/1999,1.24
4/18/1999,2.55
4/19/1999,0.62
4/20/1999,2.97
4/21/1999,3.6
4/22/1999,2.14
4/23/1999,1.81
4/24/1999,2.35
4/25/1999,2.88
4/26/1999,2.14
4/27/1999,0.91
4/28/1999,1.46
4/29/1999,0.16
4/30/1999,0.33
5/1/1999,0.04
5/2/1999,0.49
5/3/1999,0.58
5/4/1999,0.29
5/5/1999,0.33
5/6/1999,0.23
5/7/1999,0.16
5/8/1999,0.29
5/9/1999,0.29
5/10/1999,0.33
5/11/1999,0
5/12/1999,0
5/13/1999,0
5/14/1999,0.29
5/15/1999,1.07
5/16/1999,0.02
5/17/1999,0
5/18/1999,0
5/19/1999,0
5/20/1999,0.08
5/21/1999,0.19
5/22/1999,0.02
5/23/1999,0.33
5/24/1999,1.61
5/25/1999,0.04
5/26/1999,0
5/27/1999,0.33
5/28/1999,0.33
5/29/1999,0.58
5/30/1999,0
5/31/1999,0.16
6/1/1999,1.28
6/2/1999,0.29
6/3/1999,0.33
6/4/1999,1.9
6/5/1999,0.91
6/6/1999,0.12
6/7/1999,0.29
6/8/1999,0
6/9/1999,0
6/10/1999,0
6/11/1999,0
6/12/1999,0
6/13/1999,0
6/14/1999,0.62
6/15/1999,0.66
6/16/1999,0.16
6/17/1999,1.15
6/18/1999,1.36
6/19/1999,3.34
6/20/1999,1.9
6/21/1999,2.02
6/22/1999,2.95
6/23/1999,1.69
6/24/1999,0.91
6/25/1999,0.87
6/26/1999,0.54
6/27/1999,0.16
6/28/1999,0
6/29/1999,0
6/30/1999,0.72
7/1/1999,1.65
7/2/1999,2.6
7/3/1999,0.12
7/4/1999,0
7/5/1999,1.4
7/6/1999,0.45
7/7/1999,0.08
7/8/1999,0.04
7/9/1999,0.08
7/10/1999,1.42
7/11/1999,0.82
7/12/1999,0.49
7/13/1999,0.66
7/14/1999,0.25
7/15/1999,0.04
7/16/1999,0
7/17/1999,0
7/18/1999,0
7/19/1999,0.04
7/20/1999,0
7/21/1999,0.74
7/22/1999,2.76
7/23/1999,0.39
7/24/1999,0.04
7/25/1999,0.02
7/26/1999,0.02
7/27/1999,0
7/28/1999,0
7/29/1999,0
7/30/1999,0.21
7/31/1999,1.11
8/1/1999,1.4
8/2/1999,2.72
8/3/1999,0.49
8/4/1999,0.54
8/5/1999,1.15
8/6/1999,2.72
8/7/1999,14.87
8/8/1999,6.8
8/9/1999,3.13
8/10/1999,2.22
8/11/1999,0.91
8/12/1999,0.23
8/13/1999,0.1
8/14/1999,0.45
8/15/1999,0.04
8/16/1999,0
8/17/1999,0
8/18/1999,0.37
8/19/1999,1.03
8/20/1999,1.81
8/21/1999,3.05
8/22/1999,3.21
8/23/1999,4.53
8/24/1999,2.97
8/25/1999,0.49
8/26/1999,0
8/27/1999,0
8/28/1999,0.99
8/29/1999,6.34
8/30/1999,0.21
8/31/1999,0.04
9/1/1999,0.82
9/2/1999,0.37
9/3/1999,0.66
9/4/1999,0.66
9/5/1999,5.07
9/6/1999,4.37
9/7/1999,1.32
9/8/1999,1.36
9/9/1999,1.28
9/10/1999,3.54
9/11/1999,5.73
9/12/1999,3.54
9/13/1999,3.69
9/14/1999,1.73
9/15/1999,0.37
9/16/1999,0.45
9/17/1999,0
9/18/1999,0.12
9/19/1999,1.09
9/20/1999,1.73
9/21/1999,1.85
9/22/1999,3.3
9/23/1999,4.04
9/24/1999,3.79
9/25/1999,1.94
9/26/1999,2.06
9/27/1999,1.65
9/28/1999,4.45
9/29/1999,18.5
9/30/1999,13.18
10/1/1999,7.62
10/2/1999,1.32
10/3/1999,0.62
10/4/1999,0.62
10/5/1999,1.36
10/6/1999,0.54
10/7/1999,0
10/8/1999,0
10/9/1999,1.57
10/10/1999,2.7
10/11/1999,2.18
10/12/1999,1.32
10/13/1999,1.94
10/14/1999,3.87
10/15/1999,3.13
10/16/1999,4.16
10/17/1999,1.19
10/18/1999,3.58
10/19/1999,2.18
10/20/1999,1.32
10/21/1999,0.16
10/22/1999,0.12
10/23/1999,1.03
10/24/1999,0.82
10/25/1999,1.73
10/26/1999,0.91
10/27/1999,0.62
10/28/1999,0.49
10/29/1999,0.12
10/30/1999,5.07
10/31/1999,0.56
11/1/1999,0.89
11/2/1999,1.98
11/3/1999,0.74
11/4/1999,0.37
11/5/1999,0.78
11/6/1999,0.99
11/7/1999,0.29
11/8/1999,0.21
11/9/1999,0.82
11/10/1999,0.97
11/11/1999,1.09
11/12/1999,0.74
11/13/1999,0.37
11/14/1999,2.35
11/15/1999,1.36
11/16/1999,4.04
11/17/1999,13
11/18/1999,2.53
11/19/1999,2.31
11/20/1999,0.37
11/21/1999,0.41
11/22/1999,0.74
11/23/1999,0.21
11/24/1999,3.67
11/25/1999,1.07
11/26/1999,2.1
11/27/1999,1.07
11/28/1999,3.01
11/29/1999,9.06
11/30/1999,23.77
12/1/1999,3.38
12/2/1999,0.91
12/3/1999,1.81
12/4/1999,4
12/5/1999,0.45
12/6/1999,0.37
12/7/1999,0.41
12/8/1999,0.21
12/9/1999,0.25
12/10/1999,0.39
12/11/1999,2.47
12/12/1999,1.48
12/13/1999,2.02
12/14/1999,6.72
12/15/1999,2.22
12/16/1999,0.74
12/17/1999,1.57
12/18/1999,0.89
12/19/1999,0.41
12/20/1999,0.99
12/21/1999,4.99
12/22/1999,9.23
12/23/1999,1.36
12/24/1999,0.62
12/25/1999,1.28
12/26/1999,1.77
12/27/1999,2.97
12/28/1999,4.57
12/29/1999,1.65
12/30/1999,1.48
12/31/1999,2.22
1/1/2000,5.27
1/2/2000,2.64
1/3/2000,0.66
1/4/2000,2.35
1/5/2000,4.02
1/6/2000,6.16
1/7/2000,4.28
1/8/2000,4.24
1/9/2000,5.71
1/10/2000,6.02
1/11/2000,4.2
1/12/2000,4.2
1/13/2000,0.82
1/14/2000,2.8
1/15/2000,2.22
1/16/2000,4.04
1/17/2000,2.51
1/18/2000,5.19
1/19/2000,2.88
1/20/2000,3.83
1/21/2000,6.76
1/22/2000,0.54
1/23/2000,1.4
1/24/2000,3.58
1/25/2000,6.63
1/26/2000,22.54
1/27/2000,7.5
1/28/2000,4.94
1/29/2000,1.15
1/30/2000,1.98
1/31/2000,1.98
2/1/2000,1.11
2/2/2000,3.96
2/3/2000,25.75
2/4/2000,3.25
2/5/2000,1.67
2/6/2000,0.49
2/7/2000,0.78
2/8/2000,4.37
2/9/2000,4
2/10/2000,7.54
2/11/2000,10.42
2/12/2000,1.65
2/13/2000,1.32
2/14/2000,2.72
2/15/2000,1.98
2/16/2000,6.18
2/17/2000,2.43
2/18/2000,0.78
2/19/2000,0.7
2/20/2000,0.49
2/21/2000,1.42
2/22/2000,3.5
2/23/2000,3.69
2/24/2000,1.9
2/25/2000,0.74
2/26/2000,0.16
2/27/2000,0.74
2/28/2000,0.29
2/29/2000,0
3/1/2000,2.6
3/2/2000,1.44
3/3/2000,1.81
3/4/2000,1.85
3/5/2000,1.61
3/6/2000,0.99
3/7/2000,0.16
3/8/2000,0.49
3/9/2000,2.72
3/10/2000,0.66
3/11/2000,0.91
3/12/2000,1.69
3/13/2000,2.22
3/14/2000,5.93
3/15/2000,4.61
3/16/2000,3.81
3/17/2000,0.16
3/18/2000,0.93
3/19/2000,1.24
3/20/2000,0.31
3/21/2000,0.74
3/22/2000,0.25
3/23/2000,0.49
3/24/2000,1.24
3/25/2000,2.51
3/26/2000,0.21
3/27/2000,0.37
3/28/2000,0.37
3/29/2000,0.21
3/30/2000,3.58
3/31/2000,0.29
4/1/2000,0.93
4/2/2000,0.25
4/3/2000,0.25
4/4/2000,4.04
4/5/2000,3.91
4/6/2000,0.58
4/7/2000,3.25
4/8/2000,2.02
4/9/2000,0.49
4/10/2000,0.62
4/11/2000,0.39
4/12/2000,0.41
4/13/2000,0.12
4/14/2000,1.94
4/15/2000,1.4
4/16/2000,1.32
4/17/2000,3.85
4/18/2000,2
4/19/2000,0.45
4/20/2000,0.29
4/21/2000,1.24
4/22/2000,2.31
4/23/2000,0.41
4/24/2000,0.04
4/25/2000,0.21
4/26/2000,0.74
4/27/2000,0.16
4/28/2000,0.39
4/29/2000,0.06
4/30/2000,0.35
5/1/2000,4.35
5/2/2000,1.11
5/3/2000,0.93
5/4/2000,0.21
5/5/2000,0
5/6/2000,0
5/7/2000,0
5/8/2000,0
5/9/2000,0
5/10/2000,0
5/11/2000,0.91
5/12/2000,1.73
5/13/2000,0.87
5/14/2000,1.59
5/15/2000,0.45
5/16/2000,0.08
5/17/2000,0
5/18/2000,0
5/19/2000,0
5/20/2000,0
5/21/2000,0.08
5/22/2000,0.45
5/23/2000,0.37
5/24/2000,0.08
5/25/2000,0.25
5/26/2000,0.08
5/27/2000,0.21
5/28/2000,0.74
5/29/2000,0.08
5/30/2000,0
5/31/2000,0
6/1/2000,0.04
6/2/2000,0.08
6/3/2000,0
6/4/2000,0.08
6/5/2000,0.29
6/6/2000,0.12
6/7/2000,0.08
6/8/2000,0.04
6/9/2000,0.04
6/10/2000,0
6/11/2000,0.54
6/12/2000,0.04
6/13/2000,0.33
6/14/2000,7.29
6/15/2000,2.33
6/16/2000,0.02
6/17/2000,1.85
6/18/2000,3.05
6/19/2000,2.74
6/20/2000,2.51
6/21/2000,1.44
6/22/2000,0.29
6/23/2000,0.58
6/24/2000,1.15
6/25/2000,0.16
6/26/2000,0.04
6/27/2000,0.33
6/28/2000,0.29
6/29/2000,0.41
6/30/2000,0.29
7/1/2000,0.04
7/2/2000,0.04
7/3/2000,0.08
7/4/2000,0.49
7/5/2000,0.33
7/6/2000,0.04
7/7/2000,0.33
7/8/2000,0.33
7/9/2000,0
7/10/2000,0
7/11/2000,0
7/12/2000,0.02
7/13/2000,0.64
7/14/2000,0.16
7/15/2000,0
7/16/2000,0
7/17/2000,1.9
7/18/2000,0.16
7/19/2000,0.04
7/20/2000,0
7/21/2000,0
7/22/2000,0
7/23/2000,0
7/24/2000,0
7/25/2000,0
7/26/2000,0
7/27/2000,0
7/28/2000,0
7/29/2000,0
7/30/2000,0
7/31/2000,0.08
8/1/2000,0
8/2/2000,0
8/3/2000,0
8/4/2000,0
8/5/2000,0
8/6/2000,0
8/7/2000,0
8/8/2000,0
8/9/2000,0
8/10/2000,0
8/11/2000,0.29
8/12/2000,0.21
8/13/2000,0.29
8/14/2000,0.41
8/15/2000,0.87
8/16/2000,3.58
8/17/2000,4.16
8/18/2000,3.05
8/19/2000,0.49
8/20/2000,0.25
8/21/2000,0.74
8/22/2000,0.58
8/23/2000,0.58
8/24/2000,0.49
8/25/2000,0.41
8/26/2000,0.12
8/27/2000,0.25
8/28/2000,0
8/29/2000,0
8/30/2000,0
8/31/2000,0
9/1/2000,0
9/2/2000,0
9/3/2000,0
9/4/2000,1.57
9/5/2000,1.15
9/6/2000,1.44
9/7/2000,2.51
9/8/2000,4.16
9/9/2000,8.45
9/10/2000,7.46
9/11/2000,5.15
9/12/2000,5.89
9/13/2000,5.01
9/14/2000,1.32
9/15/2000,1.9
9/16/2000,1.36
9/17/2000,0
9/18/2000,0
9/19/2000,0
9/20/2000,0
9/21/2000,0
9/22/2000,0.29
9/23/2000,0.74
9/24/2000,2.97
9/25/2000,3.3
9/26/2000,3.54
9/27/2000,0.08
9/28/2000,0
9/29/2000,0
9/30/2000,0
10/1/2000,1.11
10/2/2000,3.71
10/3/2000,6.51
10/4/2000,11.78
10/5/2000,3.63
10/6/2000,2.55
10/7/2000,0.95
10/8/2000,1.57
10/9/2000,2.43
10/10/2000,2.55
10/11/2000,1.81
10/12/2000,1.4
10/13/2000,0.87
10/14/2000,1.15
10/15/2000,1.61
10/16/2000,1.67
10/17/2000,0.04
10/18/2000,0.54
10/19/2000,1.9
10/20/2000,1.57
10/21/2000,2.6
10/22/2000,1.28
10/23/2000,1.87
10/24/2000,2.55
10/25/2000,0.58
10/26/2000,2.84
10/27/2000,1.77
10/28/2000,0.08
10/29/2000,0.08
10/30/2000,2.35
10/31/2000,1.83
11/1/2000,1.94
11/2/2000,0.45
11/3/2000,1.61
11/4/2000,1.57
11/5/2000,2.47
11/6/2000,0.78
11/7/2000,0.66
11/8/2000,1.81
11/9/2000,2.74
11/10/2000,1.69
11/11/2000,1.24
11/12/2000,3.44
11/13/2000,2.6
11/14/2000,4.66
11/15/2000,1.52
11/16/2000,0.99
11/17/2000,2.64
11/18/2000,1.19
11/19/2000,1.44
11/20/2000,1.11
11/21/2000,0.82
11/22/2000,0.04
11/23/2000,0
11/24/2000,0.45
11/25/2000,1.85
11/26/2000,2.02
11/27/2000,1.52
11/28/2000,0.12
11/29/2000,0.58
11/30/2000,1.15
12/1/2000,2.72
12/2/2000,2.8
12/3/2000,0.45
12/4/2000,0.33
12/5/2000,0.33
12/6/2000,0.21
12/7/2000,5.85
12/8/2000,15.86
12/9/2000,1.75
12/10/2000,1.28
12/11/2000,0.74
12/12/2000,0.33
12/13/2000,0.12
12/14/2000,0.08
12/15/2000,0.99
12/16/2000,0.08
12/17/2000,2.76
12/18/2000,2.1
12/19/2000,1.11
12/20/2000,0.91
12/21/2000,2.35
12/22/2000,1.57
12/23/2000,1.15
12/24/2000,0.91
12/25/2000,0.76
12/26/2000,0.72
12/27/2000,0.41
12/28/2000,1.98
12/29/2000,6.8
12/30/2000,3.58
12/31/2000,2.55
1/1/2001,2.55
1/2/2001,1.52
1/3/2001,0.91
1/4/2001,2.22
1/5/2001,0.58
1/6/2001,0.33
1/7/2001,0.51
1/8/2001,2.27
1/9/2001,1.73
1/10/2001,2.31
1/11/2001,9.08
1/12/2001,3.15
1/13/2001,3.87
1/14/2001,0.12
1/15/2001,2.14
1/16/2001,1.69
1/17/2001,4.28
1/18/2001,1.65
1/19/2001,1.19
1/20/2001,2.76
1/21/2001,2.47
1/22/2001,1.73
1/23/2001,3.81
1/24/2001,6.67
1/25/2001,5.34
1/26/2001,3.69
1/27/2001,5.29
1/28/2001,3.85
1/29/2001,3.46
1/30/2001,2.35
1/31/2001,3.54
2/1/2001,1.9
2/2/2001,2.8
2/3/2001,8.12
2/4/2001,5.38
2/5/2001,3.54
2/6/2001,5.27
2/7/2001,9.39
2/8/2001,2.97
2/9/2001,1.57
2/10/2001,2.9
2/11/2001,1.22
2/12/2001,0.62
2/13/2001,3.46
2/14/2001,5.23
2/15/2001,3.96
2/16/2001,3.87
2/17/2001,4.94
2/18/2001,3.58
2/19/2001,1.03
2/20/2001,1.52
2/21/2001,2.27
2/22/2001,2.27
2/23/2001,1.32
2/24/2001,1.73
2/25/2001,2.47
2/26/2001,6.55
2/27/2001,1.48
2/28/2001,2.8
3/1/2001,7.09
3/2/2001,0.66
3/3/2001,2.22
3/4/2001,1.36
3/5/2001,1.36
3/6/2001,0.66
3/7/2001,1.4
3/8/2001,4.28
3/9/2001,3.63
3/10/2001,3.13
3/11/2001,1.26
3/12/2001,0.7
3/13/2001,2.47
3/14/2001,2.55
3/15/2001,3.01
3/16/2001,2.51
3/17/2001,1.77
3/18/2001,3.3
3/19/2001,1.4
3/20/2001,1.28
3/21/2001,8.98
3/22/2001,5.77
3/23/2001,2.66
3/24/2001,1.09
3/25/2001,1.32
3/26/2001,1.65
3/27/2001,1.73
3/28/2001,0.58
3/29/2001,0.33
3/30/2001,1.28
3/31/2001,1.57
4/1/2001,0.6
4/2/2001,0.25
4/3/2001,1.07
4/4/2001,2.64
4/5/2001,0.66
4/6/2001,0.99
4/7/2001,1.15
4/8/2001,0.82
4/9/2001,0.66
4/10/2001,0.41
4/11/2001,0.1
4/12/2001,0.08
4/13/2001,0.45
4/14/2001,0.89
4/15/2001,0.62
4/16/2001,0.33
4/17/2001,0.12
4/18/2001,0.49
4/19/2001,0.25
4/20/2001,0.21
4/21/2001,0.06
4/22/2001,0.7
4/23/2001,0.33
4/24/2001,2.97
4/25/2001,2.47
4/26/2001,1.98
4/27/2001,0.74
4/28/2001,2.64
4/29/2001,1.4
4/30/2001,0.74
5/1/2001,1.15
5/2/2001,0.29
5/3/2001,0.23
5/4/2001,0.99
5/5/2001,0.12
5/6/2001,0
5/7/2001,0
5/8/2001,0
5/9/2001,0.49
5/10/2001,0.41
5/11/2001,7
5/12/2001,0.91
5/13/2001,0.49
5/14/2001,0
5/15/2001,0.7
5/16/2001,0
5/17/2001,0.82
5/18/2001,11.54
5/19/2001,1.81
5/20/2001,0.82
5/21/2001,1.98
5/22/2001,0.45
5/23/2001,0.82
5/24/2001,1.65
5/25/2001,0.16
5/26/2001,0.25
5/27/2001,0.16
5/28/2001,1.57
5/29/2001,0.33
5/30/2001,0.12
5/31/2001,0.04
6/1/2001,0
6/2/2001,0
6/3/2001,0
6/4/2001,0.04
6/5/2001,0
6/6/2001,0
6/7/2001,0
6/8/2001,0
6/9/2001,0
6/10/2001,0
6/11/2001,0.04
6/12/2001,0
6/13/2001,0.45
6/14/2001,0.41
6/15/2001,5.69
6/16/2001,1.52
6/17/2001,1.03
6/18/2001,0.04
6/19/2001,0
6/20/2001,0
6/21/2001,0.16
6/22/2001,3.03
6/23/2001,2.55
6/24/2001,2.51
6/25/2001,3.3
6/26/2001,2.06
6/27/2001,0.25
6/28/2001,0
6/29/2001,0
6/30/2001,0
7/1/2001,0
7/2/2001,0
7/3/2001,0
7/4/2001,0.8
7/5/2001,0.68
7/6/2001,5.19
7/7/2001,2.97
7/8/2001,0.37
7/9/2001,0
7/10/2001,0
7/11/2001,0
7/12/2001,0
7/13/2001,0
7/14/2001,0
7/15/2001,0
7/16/2001,0
7/17/2001,0
7/18/2001,0
7/19/2001,0
7/20/2001,0
7/21/2001,1.77
7/22/2001,0.14
7/23/2001,0
7/24/2001,0.16
7/25/2001,0.54
7/26/2001,0.29
7/27/2001,0
7/28/2001,0
7/29/2001,0
7/30/2001,0
7/31/2001,0
8/1/2001,0
8/2/2001,0
8/3/2001,0
8/4/2001,0
8/5/2001,0
8/6/2001,0.82
8/7/2001,0.12
8/8/2001,0.54
8/9/2001,1.85
8/10/2001,4.24
8/11/2001,5.4
8/12/2001,3.25
8/13/2001,2.8
8/14/2001,0.66
8/15/2001,0
8/16/2001,0
8/17/2001,0
8/18/2001,0.04
8/19/2001,0
8/20/2001,0.08
8/21/2001,0.45
8/22/2001,0.58
8/23/2001,0.16
8/24/2001,0
8/25/2001,0
8/26/2001,0
8/27/2001,0
8/28/2001,0
8/29/2001,0
8/30/2001,0
8/31/2001,0
9/1/2001,0
9/2/2001,0
9/3/2001,0
9/4/2001,1.07
9/5/2001,1.24
9/6/2001,2.8
9/7/2001,0.95
9/8/2001,2.93
9/9/2001,12.07
9/10/2001,7.83
9/11/2001,2.84
9/12/2001,0
9/13/2001,0
9/14/2001,0.08
9/15/2001,3.21
9/16/2001,2.51
9/17/2001,1.52
9/18/2001,0.1
9/19/2001,0
9/20/2001,0
9/21/2001,0
9/22/2001,0
9/23/2001,1.42
9/24/2001,2.06
9/25/2001,4.61
9/26/2001,1.36
9/27/2001,3.58
9/28/2001,5.44
9/29/2001,2.76
9/30/2001,4.24
10/1/2001,1.98
10/2/2001,2.97
10/3/2001,0.33
10/4/2001,0.91
10/5/2001,1.77
10/6/2001,0.58
10/7/2001,1.36
10/8/2001,0.78
10/9/2001,0.41
10/10/2001,0.41
10/11/2001,0.82
10/12/2001,0.23
10/13/2001,0.39
10/14/2001,0.37
10/15/2001,1.15
10/16/2001,1.28
10/17/2001,1.9
10/18/2001,0.91
10/19/2001,0.58
10/20/2001,0.8
10/21/2001,2.02
10/22/2001,3.25
10/23/2001,3.21
10/24/2001,0.45
10/25/2001,1.44
10/26/2001,0.87
10/27/2001,0.74
10/28/2001,1.77
10/29/2001,0.78
10/30/2001,3.21
10/31/2001,1.75
11/1/2001,1.28
11/2/2001,1.48
11/3/2001,0.12
11/4/2001,0.45
11/5/2001,8.57
11/6/2001,8.53
11/7/2001,0.45
11/8/2001,0.12
11/9/2001,1.52
11/10/2001,3.71
11/11/2001,0.68
11/12/2001,2.55
11/13/2001,1.32
11/14/2001,2.84
11/15/2001,1.52
11/16/2001,1.81
11/17/2001,2.88
11/18/2001,3.13
11/19/2001,2.47
11/20/2001,2.88
11/21/2001,1.61
11/22/2001,0.25
11/23/2001,0.16
11/24/2001,3.25
11/25/2001,6.14
11/26/2001,1.03
11/27/2001,0.58
11/28/2001,1.98
11/29/2001,1.15
11/30/2001,2.27
12/1/2001,9.76
12/2/2001,18.99
12/3/2001,2.14
12/4/2001,2.39
12/5/2001,0.37
12/6/2001,0.41
12/7/2001,0.49
12/8/2001,0.95
12/9/2001,1.36
12/10/2001,1.36
12/11/2001,0.49
12/12/2001,0.39
12/13/2001,0.08
12/14/2001,0.27
12/15/2001,0.23
12/16/2001,1.11
12/17/2001,4.7
12/18/2001,5.36
12/19/2001,0.91
12/20/2001,3.67
12/21/2001,1.24
12/22/2001,1.96
12/23/2001,0.31
12/24/2001,3.67
12/25/2001,0.66
12/26/2001,0.08
12/27/2001,1.48
12/28/2001,3.5
12/29/2001,8.73
12/30/2001,4.86
12/31/2001,3.54
1/1/2002,2.18
1/2/2002,1.48
1/3/2002,6.02
1/4/2002,13.97
1/5/2002,18.83
1/6/2002,19.98
1/7/2002,26.12
1/8/2002,5.31
1/9/2002,1.73
1/10/2002,1.03
1/11/2002,0.25
1/12/2002,0.21
1/13/2002,1.05
1/14/2002,1.61
1/15/2002,3.63
1/16/2002,4
1/17/2002,2.84
1/18/2002,1.77
1/19/2002,1.65
1/20/2002,2.88
1/21/2002,5.52
1/22/2002,4.28
1/23/2002,10.3
1/24/2002,16.48
1/25/2002,5.23
1/26/2002,1.98
1/27/2002,1.96
1/28/2002,1.07
1/29/2002,0.49
1/30/2002,0.37
1/31/2002,0.78
2/1/2002,0.95
2/2/2002,1.15
2/3/2002,1.48
2/4/2002,1.81
2/5/2002,1.36
2/6/2002,4.2
2/7/2002,8.9
2/8/2002,25.11
2/9/2002,4.7
2/10/2002,3.01
2/11/2002,0.76
2/12/2002,2.76
2/13/2002,0.82
2/14/2002,4.28
2/15/2002,1.73
2/16/2002,1.15
2/17/2002,0.08
2/18/2002,1.44
2/19/2002,0.78
2/20/2002,0.12
2/21/2002,3.21
2/22/2002,5.93
2/23/2002,1.36
2/24/2002,5.11
2/25/2002,2.55
2/26/2002,1.03
2/27/2002,0.54
2/28/2002,0.91
3/1/2002,0.49
3/2/2002,1.48
3/3/2002,2.97
3/4/2002,0.25
3/5/2002,4.28
3/6/2002,3.96
3/7/2002,1.81
3/8/2002,1.4
3/9/2002,1.19
3/10/2002,0.68
3/11/2002,0.72
3/12/2002,0.21
3/13/2002,0.33
3/14/2002,1.48
3/15/2002,3.3
3/16/2002,0.91
3/17/2002,2.27
3/18/2002,4.94
3/19/2002,2.55
3/20/2002,1.24
3/21/2002,0.58
3/22/2002,1.11
3/23/2002,0.45
3/24/2002,0.49
3/25/2002,0.49
3/26/2002,0.49
3/27/2002,0.33
3/28/2002,0.62
3/29/2002,1.4
3/30/2002,0.87
3/31/2002,1.11
4/1/2002,0.8
4/2/2002,2.1
4/3/2002,0.47
4/4/2002,0.95
4/5/2002,0.66
4/6/2002,0.21
4/7/2002,2.1
4/8/2002,1.07
4/9/2002,1.07
4/10/2002,2.39
4/11/2002,2.84
4/12/2002,0.41
4/13/2002,4.24
4/14/2002,1.77
4/15/2002,1.03
4/16/2002,0.58
4/17/2002,2.06
4/18/2002,0.33
4/19/2002,0.33
4/20/2002,0.66
4/21/2002,0.08
4/22/2002,0
4/23/2002,0.47
4/24/2002,0
4/25/2002,0
4/26/2002,0
4/27/2002,0.16
4/28/2002,0.66
4/29/2002,0.49
4/30/2002,0.91
5/1/2002,2.02
5/2/2002,0.49
5/3/2002,0.41
5/4/2002,0.91
5/5/2002,0.62
5/6/2002,0.54
5/7/2002,0.93
5/8/2002,2.8
5/9/2002,2.14
5/10/2002,0.54
5/11/2002,0.78
5/12/2002,1.57
5/13/2002,0.87
5/14/2002,3.73
5/15/2002,4.7
5/16/2002,1.94
5/17/2002,1.24
5/18/2002,1.32
5/19/2002,1.57
5/20/2002,1.87
5/21/2002,1.03
5/22/2002,0.12
5/23/2002,0
5/24/2002,0.74
5/25/2002,0.58
5/26/2002,0.16
5/27/2002,0.49
5/28/2002,0.08
5/29/2002,0
5/30/2002,0
5/31/2002,0.21
6/1/2002,0.95
6/2/2002,1.24
6/3/2002,0.82
6/4/2002,0.37
6/5/2002,0.08
6/6/2002,4.49
6/7/2002,2.02
6/8/2002,4.12
6/9/2002,0.12
6/10/2002,0.06
6/11/2002,0
6/12/2002,1.77
6/13/2002,1.09
6/14/2002,0.64
6/15/2002,0.74
6/16/2002,1.79
6/17/2002,1.19
6/18/2002,2.6
6/19/2002,2
6/20/2002,0.66
6/21/2002,0.08
6/22/2002,0
6/23/2002,0.21
6/24/2002,0
6/25/2002,0
6/26/2002,0
6/27/2002,0
6/28/2002,0.29
6/29/2002,0.41
6/30/2002,0.08
7/1/2002,0.04
7/2/2002,0
7/3/2002,0.12
7/4/2002,1.24
7/5/2002,0.6
7/6/2002,0.37
7/7/2002,1.15
7/8/2002,1.19
7/9/2002,0.33
7/10/2002,0.14
7/11/2002,0
7/12/2002,0
7/13/2002,0
7/14/2002,0.1
7/15/2002,0.08
7/16/2002,0.58
7/17/2002,0.29
7/18/2002,0
7/19/2002,0
7/20/2002,0
7/21/2002,0.08
7/22/2002,0.91
7/23/2002,1.81
7/24/2002,1.85
7/25/2002,1.73
7/26/2002,0.82
7/27/2002,2.88
7/28/2002,4.33
7/29/2002,6.2
7/30/2002,1.94
7/31/2002,0.21
8/1/2002,0.99
8/2/2002,1.03
8/3/2002,0.87
8/4/2002,1.52
8/5/2002,3.34
8/6/2002,2.47
8/7/2002,1.9
8/8/2002,2.68
8/9/2002,3.17
8/10/2002,1.36
8/11/2002,0.27
8/12/2002,0.41
8/13/2002,0.58
8/14/2002,0
8/15/2002,0
8/16/2002,0
8/17/2002,0
8/18/2002,0.29
8/19/2002,0.54
8/20/2002,1.69
8/21/2002,3.63
8/22/2002,3.5
8/23/2002,5.07
8/24/2002,4.08
8/25/2002,2.72
8/26/2002,1.69
8/27/2002,1.32
8/28/2002,0.04
8/29/2002,0.21
8/30/2002,0
8/31/2002,0.12
9/1/2002,0.12
9/2/2002,1.52
9/3/2002,1.48
9/4/2002,3.17
9/5/2002,0.54
9/6/2002,0.04
9/7/2002,0
9/8/2002,0
9/9/2002,0
9/10/2002,0
9/11/2002,0
9/12/2002,0
9/13/2002,0
9/14/2002,1.15
9/15/2002,0.99
9/16/2002,0.91
9/17/2002,1.07
9/18/2002,1.85
9/19/2002,3.63
9/20/2002,3.13
9/21/2002,1.24
9/22/2002,1.69
9/23/2002,5.77
9/24/2002,4.78
9/25/2002,7.13
9/26/2002,5.85
9/27/2002,11.54
9/28/2002,2.43
9/29/2002,2.72
9/30/2002,0.87
10/1/2002,1.48
10/2/2002,1.36
10/3/2002,1.98
10/4/2002,1.03
10/5/2002,1.4
10/6/2002,1.24
10/7/2002,1.98
10/8/2002,0.87
10/9/2002,1.57
10/10/2002,1.28
10/11/2002,2.1
10/12/2002,0.25
10/13/2002,0.41
10/14/2002,1.32
10/15/2002,1.57
10/16/2002,3.05
10/17/2002,1.52
10/18/2002,1.61
10/19/2002,0.82
10/20/2002,1.44
10/21/2002,1.32
10/22/2002,1.9
10/23/2002,0.54
10/24/2002,0.04
10/25/2002,0.21
10/26/2002,0.62
10/27/2002,0.49
10/28/2002,0
10/29/2002,2.43
10/30/2002,1.36
10/31/2002,1.57
11/1/2002,1.65
11/2/2002,0.37
11/3/2002,0.25
11/4/2002,3.13
11/5/2002,3.21
11/6/2002,0.87
11/7/2002,0.91
11/8/2002,1.32
11/9/2002,1.61
11/10/2002,0.91
11/11/2002,0.91
11/12/2002,2.88
11/13/2002,4.49
11/14/2002,2.64
11/15/2002,1.44
11/16/2002,1.85
11/17/2002,1.52
11/18/2002,1.03
11/19/2002,0.49
11/20/2002,2.55
11/21/2002,3.71
11/22/2002,15.04
11/23/2002,3.79
11/24/2002,0.91
11/25/2002,0.66
11/26/2002,1.03
11/27/2002,2.55
11/28/2002,3.79
11/29/2002,2.27
11/30/2002,1.19
12/1/2002,0.95
12/2/2002,0.29
12/3/2002,1.03
12/4/2002,0.82
12/5/2002,4.28
12/6/2002,4.16
12/7/2002,1.32
12/8/2002,0.49
12/9/2002,0.19
12/10/2002,0.49
12/11/2002,0.33
12/12/2002,1.52
12/13/2002,1.24
12/14/2002,1.85
12/15/2002,0.66
12/16/2002,1.4
12/17/2002,4.28
12/18/2002,3.17
12/19/2002,2.16
12/20/2002,0.62
12/21/2002,1.65
12/22/2002,1.61
12/23/2002,1.57
12/24/2002,1.4
12/25/2002,0.91
12/26/2002,2.22
12/27/2002,2.8
12/28/2002,2.35
12/29/2002,0.74
12/30/2002,2.64
12/31/2002,9.48
1/1/2003,3.96
1/2/2003,0.16
1/3/2003,0.12
1/4/2003,1.73
1/5/2003,0.45
1/6/2003,0.16
1/7/2003,1.17
1/8/2003,4.16
1/9/2003,1.69
1/10/2003,6.96
1/11/2003,24.8
1/12/2003,1.73
1/13/2003,1.32
1/14/2003,1.73
1/15/2003,3.71
1/16/2003,12.34
1/17/2003,7.75
1/18/2003,1.81
1/19/2003,0.25
1/20/2003,0.49
1/21/2003,0.43
1/22/2003,0.54
1/23/2003,3.67
1/24/2003,4.78
1/25/2003,2.14
1/26/2003,0.66
1/27/2003,2.14
1/28/2003,7.13
1/29/2003,18.46
1/30/2003,15.66
1/31/2003,19.49
2/1/2003,2.72
2/2/2003,1.98
2/3/2003,2.27
2/4/2003,0.91
2/5/2003,2.06
2/6/2003,4.45
2/7/2003,2.43
2/8/2003,0.37
2/9/2003,1.19
2/10/2003,2.97
2/11/2003,1.85
2/12/2003,2.02
2/13/2003,1.57
2/14/2003,1.15
2/15/2003,2.14
2/16/2003,0.7
2/17/2003,2.43
2/18/2003,0.78
2/19/2003,0.49
2/20/2003,3.3
2/21/2003,29.66
2/22/2003,6.76
2/23/2003,1.9
2/24/2003,4.7
2/25/2003,1.19
2/26/2003,1.48
2/27/2003,1.77
2/28/2003,1.24
3/1/2003,0.58
3/2/2003,0.62
3/3/2003,0.33
3/4/2003,1.81
3/5/2003,2.06
3/6/2003,3.3
3/7/2003,2.68
3/8/2003,1.48
3/9/2003,0.29
3/10/2003,0.41
3/11/2003,1.4
3/12/2003,3.13
3/13/2003,2.64
3/14/2003,5.23
3/15/2003,2.97
3/16/2003,1.32
3/17/2003,0.74
3/18/2003,0.33
3/19/2003,0.29
3/20/2003,2.8
3/21/2003,1.98
3/22/2003,1.85
3/23/2003,1.07
3/24/2003,2.31
3/25/2003,1.48
3/26/2003,1.15
3/27/2003,5.11
3/28/2003,1.15
3/29/2003,4.99
3/30/2003,4.37
3/31/2003,2.88
4/1/2003,2.22
4/2/2003,4.49
4/3/2003,1.07
4/4/2003,0.93
4/5/2003,0.37
4/6/2003,0.33
4/7/2003,0.16
4/8/2003,0.33
4/9/2003,1.73
4/10/2003,0.19
4/11/2003,0.62
4/12/2003,0.16
4/13/2003,1.83
4/14/2003,3.3
4/15/2003,1.81
4/16/2003,0
4/17/2003,0.08
4/18/2003,2.06
4/19/2003,7.19
4/20/2003,0.95
4/21/2003,3.25
4/22/2003,5.85
4/23/2003,0.41
4/24/2003,0.41
4/25/2003,2.18
4/26/2003,4.37
4/27/2003,5.29
4/28/2003,2.55
4/29/2003,2.18
4/30/2003,1.4
5/1/2003,0.91
5/2/2003,0.58
5/3/2003,0.87
5/4/2003,0.49
5/5/2003,0.16
5/6/2003,0.04
5/7/2003,0.58
5/8/2003,2.72
5/9/2003,0.66
5/10/2003,0.25
5/11/2003,3.42
5/12/2003,0.04
5/13/2003,0.41
5/14/2003,2.06
5/15/2003,1.36
5/16/2003,0.82
5/17/2003,0.58
5/18/2003,0.33
5/19/2003,0
5/20/2003,0.66
5/21/2003,0.12
5/22/2003,1.52
5/23/2003,0.66
5/24/2003,0.58
5/25/2003,0.33
5/26/2003,0.91
5/27/2003,0.29
5/28/2003,0.62
5/29/2003,0
5/30/2003,0.02
5/31/2003,1.57
6/1/2003,0.08
6/2/2003,0.12
6/3/2003,0.29
6/4/2003,0.78
6/5/2003,1.36
6/6/2003,0.45
6/7/2003,0.54
6/8/2003,1.98
6/9/2003,2.08
6/10/2003,0.78
6/11/2003,0.12
6/12/2003,0
6/13/2003,0
6/14/2003,0
6/15/2003,0.08
6/16/2003,0.25
6/17/2003,0.25
6/18/2003,0.1
6/19/2003,0.16
6/20/2003,0.08
6/21/2003,0
6/22/2003,0
6/23/2003,0
6/24/2003,0
6/25/2003,0.74
6/26/2003,1.9
6/27/2003,1.65
6/28/2003,0.25
6/29/2003,0.16
6/30/2003,0
7/1/2003,0.58
7/2/2003,8.07
7/3/2003,3.83
7/4/2003,0.37
7/5/2003,0.49
7/6/2003,3.25
7/7/2003,4.61
7/8/2003,0.58
7/9/2003,0
7/10/2003,0
7/11/2003,0.04
7/12/2003,0.58
7/13/2003,0.91
7/14/2003,0.37
7/15/2003,0.33
7/16/2003,0.25
7/17/2003,0.25
7/18/2003,0
7/19/2003,0
7/20/2003,0.45
7/21/2003,0
7/22/2003,0
7/23/2003,0
7/24/2003,0
7/25/2003,0
7/26/2003,0.37
7/27/2003,0.66
7/28/2003,0.04
7/29/2003,1.69
7/30/2003,12.48
7/31/2003,2.72
8/1/2003,0.08
8/2/2003,0
8/3/2003,0
8/4/2003,0
8/5/2003,0
8/6/2003,0
8/7/2003,0
8/8/2003,0
8/9/2003,0
8/10/2003,0
8/11/2003,0
8/12/2003,0
8/13/2003,0
8/14/2003,0
8/15/2003,0
8/16/2003,0
8/17/2003,0
8/18/2003,0
8/19/2003,0
8/20/2003,0
8/21/2003,0
8/22/2003,0
8/23/2003,0.08
8/24/2003,1.03
8/25/2003,0.87
8/26/2003,0.12
8/27/2003,0
8/28/2003,0
8/29/2003,0
8/30/2003,0
8/31/2003,0
9/1/2003,0
9/2/2003,0
9/3/2003,0
9/4/2003,0
9/5/2003,0
9/6/2003,0.41
9/7/2003,2.6
9/8/2003,3.79
9/9/2003,0
9/10/2003,0.66
9/11/2003,2.31
9/12/2003,2.55
9/13/2003,2.35
9/14/2003,0.99
9/15/2003,2.76
9/16/2003,3.17
9/17/2003,1.77
9/18/2003,1.28
9/19/2003,0.95
9/20/2003,1.85
9/21/2003,0.95
9/22/2003,2.31
9/23/2003,3.13
9/24/2003,3.71
9/25/2003,3.17
9/26/2003,3.42
9/27/2003,2.14
9/28/2003,0
9/29/2003,0.04
9/30/2003,0.08
10/1/2003,0.37
10/2/2003,0.87
10/3/2003,2.06
10/4/2003,1.73
10/5/2003,1.36
10/6/2003,2.39
10/7/2003,0.08
10/8/2003,0.41
10/9/2003,0.29
10/10/2003,0.45
10/11/2003,1.07
10/12/2003,1.94
10/13/2003,1.9
10/14/2003,1.57
10/15/2003,2.18
10/16/2003,2.72
10/17/2003,3.77
10/18/2003,1.73
10/19/2003,2.88
10/20/2003,1.36
10/21/2003,0.87
10/22/2003,3.01
10/23/2003,0
10/24/2003,0.7
10/25/2003,13.6
10/26/2003,0.45
10/27/2003,2.55
10/28/2003,2.14
10/29/2003,2.31
10/30/2003,0.91
10/31/2003,0.27
11/1/2003,0.25
11/2/2003,0.37
11/3/2003,0.08
11/4/2003,0.91
11/5/2003,1.11
11/6/2003,0.87
11/7/2003,1.36
11/8/2003,1.38
11/9/2003,1.05
11/10/2003,1.69
11/11/2003,1.26
11/12/2003,0.84
11/13/2003,1.98
11/14/2003,1.81
11/15/2003,0.12
11/16/2003,0
11/17/2003,0.95
11/18/2003,2.93
11/19/2003,1.48
11/20/2003,2.22
11/21/2003,0.95
11/22/2003,0.49
11/23/2003,3.3
11/24/2003,7.5
11/25/2003,0.12
11/26/2003,0.16
11/27/2003,0.08
11/28/2003,0.33
11/29/2003,0.25
11/30/2003,2.64
12/1/2003,3.63
12/2/2003,0.12
12/3/2003,1.15
12/4/2003,1.24
12/5/2003,1.81
12/6/2003,0.08
12/7/2003,0.08
12/8/2003,0
12/9/2003,0
12/10/2003,0.95
12/11/2003,10.22
12/12/2003,4.55
12/13/2003,3.46
12/14/2003,0.41
12/15/2003,0.08
12/16/2003,0.33
12/17/2003,4.49
12/18/2003,1.61
12/19/2003,7.66
12/20/2003,2.64
12/21/2003,2.37
12/22/2003,0.91
12/23/2003,0.82
12/24/2003,0.87
12/25/2003,1.19
12/26/2003,3.05
12/27/2003,18.17
12/28/2003,6.18
12/29/2003,3.63
12/30/2003,0
12/31/2003,0.21
1/1/2004,0.25
1/2/2004,0.58
1/3/2004,0.58
1/4/2004,0.91
1/5/2004,0.29
1/6/2004,0.04
1/7/2004,0.31
1/8/2004,3.65
1/9/2004,1.24
1/10/2004,0.62
1/11/2004,1.48
1/12/2004,0.95
1/13/2004,2.97
1/14/2004,14.42
1/15/2004,4.12
1/16/2004,0.41
1/17/2004,0.45
1/18/2004,0.54
1/19/2004,5.23
1/20/2004,2.93
1/21/2004,1.81
1/22/2004,1.48
1/23/2004,2.76
1/24/2004,0.66
1/25/2004,0.16
1/26/2004,0.25
1/27/2004,1.81
1/28/2004,3.34
1/29/2004,3.42
1/30/2004,2.06
1/31/2004,0.66
2/1/2004,1.57
2/2/2004,0.91
2/3/2004,3.21
2/4/2004,0.58
2/5/2004,7
2/6/2004,3.58
2/7/2004,2.72
2/8/2004,4.45
2/9/2004,1.94
2/10/2004,0.99
2/11/2004,0.56
2/12/2004,0.45
2/13/2004,3.79
2/14/2004,2.47
2/15/2004,6.76
2/16/2004,5.81
2/17/2004,2.18
2/18/2004,0.45
2/19/2004,0.82
2/20/2004,1.11
2/21/2004,0.87
2/22/2004,0.82
2/23/2004,0.91
2/24/2004,1.15
2/25/2004,0.49
2/26/2004,0.41
2/27/2004,2.1
2/28/2004,1.77
2/29/2004,2.39
3/1/2004,1.73
3/2/2004,1.28
3/3/2004,0.99
3/4/2004,0.74
3/5/2004,0.78
3/6/2004,0.41
3/7/2004,0.12
3/8/2004,0.16
3/9/2004,0.08
3/10/2004,3.63
3/11/2004,2.27
3/12/2004,2.14
3/13/2004,0.91
3/14/2004,6.34
3/15/2004,2.02
3/16/2004,9.64
3/17/2004,4.16
3/18/2004,7.25
3/19/2004,2.43
3/20/2004,1.11
3/21/2004,0.95
3/22/2004,0.95
3/23/2004,1.24
3/24/2004,0.33
3/25/2004,0.66
3/26/2004,0.45
3/27/2004,1.03
3/28/2004,0.14
3/29/2004,0.25
3/30/2004,0.39
3/31/2004,0.47
4/1/2004,0.76
4/2/2004,0.58
4/3/2004,1.28
4/4/2004,1.94
4/5/2004,0.29
4/6/2004,0.58
4/7/2004,1.4
4/8/2004,1.4
4/9/2004,0.66
4/10/2004,3.34
4/11/2004,2.64
4/12/2004,0.74
4/13/2004,1.81
4/14/2004,3.13
4/15/2004,0.49
4/16/2004,1.48
4/17/2004,0.41
4/18/2004,0.99
4/19/2004,0.97
4/20/2004,0.45
4/21/2004,0.41
4/22/2004,0
4/23/2004,0
4/24/2004,0
4/25/2004,0.74
4/26/2004,4.53
4/27/2004,1.98
4/28/2004,1.19
4/29/2004,0.45
4/30/2004,0.12
5/1/2004,0
5/2/2004,0
5/3/2004,0
5/4/2004,0.16
5/5/2004,2.72
5/6/2004,3.5
5/7/2004,1.07
5/8/2004,2.18
5/9/2004,7.95
5/10/2004,0.62
5/11/2004,0.04
5/12/2004,0.04
5/13/2004,0.04
5/14/2004,0.02
5/15/2004,0
5/16/2004,0.08
5/17/2004,0.08
5/18/2004,0.16
5/19/2004,1.4
5/20/2004,2.74
5/21/2004,2.78
5/22/2004,5.73
5/23/2004,2.97
5/24/2004,4.86
5/25/2004,2.37
5/26/2004,0.87
5/27/2004,0.7
5/28/2004,0.82
5/29/2004,1.24
5/30/2004,1.15
5/31/2004,0
6/1/2004,0.54
6/2/2004,0.41
6/3/2004,0.78
6/4/2004,0.33
6/5/2004,0.16
6/6/2004,0.16
6/7/2004,2.22
6/8/2004,8.07
6/9/2004,4.2
6/10/2004,2.51
6/11/2004,0.12
6/12/2004,0
6/13/2004,0.08
6/14/2004,0.08
6/15/2004,0.19
6/16/2004,0.16
6/17/2004,1.28
6/18/2004,0.58
6/19/2004,0.04
6/20/2004,0
6/21/2004,0
6/22/2004,0.02
6/23/2004,0
6/24/2004,0
6/25/2004,0
6/26/2004,0.04
6/27/2004,0.02
6/28/2004,0
6/29/2004,0
6/30/2004,0
7/1/2004,0
7/2/2004,0
7/3/2004,0
7/4/2004,0.04
7/5/2004,0.21
7/6/2004,0.14
7/7/2004,0.04
7/8/2004,0
7/9/2004,0
7/10/2004,0
7/11/2004,0
7/12/2004,0
7/13/2004,0
7/14/2004,0
7/15/2004,0.08
7/16/2004,0.21
7/17/2004,0.04
7/18/2004,0.41
7/19/2004,1.07
7/20/2004,0.25
7/21/2004,0.04
7/22/2004,0
7/23/2004,0
7/24/2004,0.08
7/25/2004,0.08
7/26/2004,0
7/27/2004,0.21
7/28/2004,0.33
7/29/2004,0.08
7/30/2004,0
7/31/2004,0
8/1/2004,0
8/2/2004,0
8/3/2004,0
8/4/2004,0
8/5/2004,0
8/6/2004,0.25
8/7/2004,0.91
8/8/2004,0.95
8/9/2004,0.7
8/10/2004,0.16
8/11/2004,1.36
8/12/2004,2.6
8/13/2004,2.72
8/14/2004,4.04
8/15/2004,6.22
8/16/2004,2.93
8/17/2004,0.62
8/18/2004,0.33
8/19/2004,0.29
8/20/2004,0.45
8/21/2004,0.37
8/22/2004,0
8/23/2004,0.76
8/24/2004,2.22
8/25/2004,0.33
8/26/2004,0.04
8/27/2004,2.14
8/28/2004,6.67
8/29/2004,10.3
8/30/2004,5.11
8/31/2004,3.5
9/1/2004,1.77
9/2/2004,1.85
9/3/2004,0.08
9/4/2004,2.47
9/5/2004,0
9/6/2004,0
9/7/2004,0
9/8/2004,0
9/9/2004,0.66
9/10/2004,0.99
9/11/2004,2.51
9/12/2004,2.39
9/13/2004,3.87
9/14/2004,4.53
9/15/2004,6.02
9/16/2004,4.45
9/17/2004,2.02
9/18/2004,2.43
9/19/2004,2.6
9/20/2004,4.45
9/21/2004,2.76
9/22/2004,4.08
9/23/2004,1.48
9/24/2004,0.99
9/25/2004,3.75
9/26/2004,3.34
9/27/2004,4.08
9/28/2004,1.9
9/29/2004,3.63
9/30/2004,1.19
10/1/2004,1.59
10/2/2004,0.93
10/3/2004,2.88
10/4/2004,2.06
10/5/2004,3.58
10/6/2004,1.92
10/7/2004,2.31
10/8/2004,1.07
10/9/2004,0.66
10/10/2004,3.75
10/11/2004,3.17
10/12/2004,4.99
10/13/2004,2.51
10/14/2004,0.91
10/15/2004,0.29
10/16/2004,6.51
10/17/2004,9.35
10/18/2004,0.45
10/19/2004,0.45
10/20/2004,2.88
10/21/2004,1.36
10/22/2004,1.11
10/23/2004,0.91
10/24/2004,1.07
10/25/2004,2.14
10/26/2004,6.34
10/27/2004,1.73
10/28/2004,1.32
10/29/2004,1.28
10/30/2004,2.93
10/31/2004,1.24
11/1/2004,1.11
11/2/2004,1.98
11/3/2004,0.58
11/4/2004,2.88
11/5/2004,3.63
11/6/2004,1.24
11/7/2004,1.03
11/8/2004,1.94
11/9/2004,2.14
11/10/2004,1.77
11/11/2004,0.21
11/12/2004,1.32
11/13/2004,2.93
11/14/2004,0.78
11/15/2004,0.74
11/16/2004,0.49
11/17/2004,1.96
11/18/2004,0.29
11/19/2004,0
11/20/2004,0.16
11/21/2004,18.58
11/22/2004,10.69
11/23/2004,0
11/24/2004,0.04
11/25/2004,0.08
11/26/2004,0.12
11/27/2004,0.08
11/28/2004,1.28
11/29/2004,0.78
11/30/2004,0.04
12/1/2004,0.74
12/2/2004,0.37
12/3/2004,0.49
12/4/2004,0.25
12/5/2004,1.52
12/6/2004,3.5
12/7/2004,0.08
12/8/2004,0.16
12/9/2004,1.24
12/10/2004,0.04
12/11/2004,0.58
12/12/2004,0.58
12/13/2004,1.13
12/14/2004,0.58
12/15/2004,1.65
12/16/2004,3.96
12/17/2004,2.53
12/18/2004,0.84
12/19/2004,1.69
12/20/2004,4.86
12/21/2004,1.73
12/22/2004,0.16
12/23/2004,4.39
12/24/2004,2.27
12/25/2004,1.98
12/26/2004,3.63
12/27/2004,0.91
12/28/2004,0.66
12/29/2004,0.99
12/30/2004,0.7
12/31/2004,3.01
